cluster,y_k=2,s_k=2,y_k=3,s_k=3,y_k=4,s_k=4,y_k=5,s_k=5
0,0.0,0.2164047970804332,2.0,0.0950276856093852,2.0,0.0950276856093852,2.0,0.05101096696244626
0,0.0,0.24383569883844045,2.0,0.18505932134207131,2.0,0.10398316321509492,2.0,0.10398316321509492
0,0.0,0.04008933641796342,2.0,0.042642628447820526,2.0,-0.06422400393452032,2.0,-0.06422400393452032
0,0.0,0.2587540948648637,2.0,0.08103708401714176,2.0,0.08103708401714176,2.0,0.0700378621718863
0,0.0,0.2674997699500857,2.0,0.15440153218731953,2.0,0.15440153218731953,2.0,0.1479529247889223
0,0.0,0.11084426562383375,2.0,-0.0009026017168544709,2.0,-0.0009026017168544709,2.0,-0.03946249443377938
0,0.0,0.16665718094383622,2.0,0.05254835028743507,2.0,0.05254835028743507,2.0,0.030682377260814426
0,0.0,0.21214758146827944,2.0,-0.009583157189349259,2.0,-0.009583157189349259,2.0,-0.042012109355975324
0,0.0,0.23526511649707765,2.0,0.0185497621258991,2.0,0.0185497621258991,2.0,-0.0845991422876636
0,0.0,0.19732542785593438,2.0,0.10471136314007805,2.0,0.06418775853344712,2.0,0.06418775853344712
0,0.0,0.3296209157963269,2.0,0.16956258954491243,2.0,0.16956258954491243,2.0,0.12027560244380328
0,0.0,0.2563360230262365,2.0,0.01681589974831522,2.0,0.01681589974831522,2.0,-0.040504896045533305
0,0.0,0.20229196431346533,2.0,-0.0018994846740328422,2.0,-0.0018994846740328422,2.0,-0.006546254364311253
0,0.0,0.22618430972489487,2.0,0.09511909323229058,2.0,0.07154415600679613,2.0,-0.04379003996611983
0,0.0,0.2857298529714783,2.0,0.10777374414460711,2.0,0.10777374414460711,2.0,0.10686887647962914
0,0.0,0.12629281925971875,2.0,0.11254380199090969,2.0,0.07851424325879591,2.0,0.0007401708709589602
0,0.0,0.1909635544794722,2.0,0.12440222468634156,2.0,0.12440222468634156,2.0,0.09650489824987603
0,0.0,0.059208603337360236,1.0,0.1424025898533384,0.0,0.12127946738196765,3.0,0.21852492958348235
0,0.0,0.2608525875802826,2.0,-0.00496188660770788,2.0,-0.00496188660770788,2.0,-0.016675975345154203
0,1.0,-0.04980980736349335,0.0,-0.05446524802916534,3.0,0.1420956645279761,1.0,0.12852598216715622
0,0.0,0.26251034578826954,2.0,0.05152113865554969,2.0,0.05152113865554969,2.0,0.04976349079671125
0,0.0,0.20883728164579943,2.0,0.12303128869557782,2.0,0.062406531367165154,2.0,0.062406531367165154
0,0.0,0.24675307077103953,2.0,0.16162101401507092,2.0,0.16162101401507092,2.0,0.047472415081670855
0,0.0,0.2528206246476242,2.0,0.028197389717316373,2.0,0.028197389717316373,2.0,-0.05743729853271235
0,0.0,0.3239393538288869,2.0,0.14244168801829196,2.0,0.14244168801829196,2.0,0.11761325611292468
0,0.0,0.08444810449933413,1.0,0.1713224008861121,0.0,0.1713224008861121,3.0,0.22285117992748496
0,0.0,0.21003215493668492,2.0,0.022836547397248493,2.0,0.022836547397248493,2.0,0.021466442925112343
0,0.0,0.23216940654598103,2.0,0.0815944761696453,2.0,0.0815944761696453,2.0,-0.052885017346099315
0,0.0,0.05859889603202243,2.0,0.071999104560234,2.0,0.0007404635006156477,2.0,0.0007404635006156477
0,0.0,0.21889996375038223,2.0,-0.09673523372658534,2.0,-0.09673523372658534,2.0,-0.18345166075566594
0,0.0,0.17104915206984259,2.0,-0.032048698654175915,2.0,-0.032048698654175915,2.0,-0.06799728822799732
0,0.0,0.2395471617630017,2.0,0.08498774110382122,2.0,0.08498774110382122,2.0,0.07290455150480704
0,0.0,0.1919826583622307,2.0,0.04393698328139755,2.0,0.04393698328139755,2.0,-0.12218181242838107
0,0.0,0.19238808395086296,2.0,0.04914879271036489,2.0,0.013472112424231578,2.0,0.013472112424231578
0,0.0,0.2789394381997393,2.0,0.18518321870244353,2.0,0.18518321870244353,2.0,0.13056215349138872
0,0.0,0.23824528195326417,2.0,0.09901533301233037,2.0,-0.039761602770320696,2.0,-0.039761602770320696
0,0.0,0.10265173544017031,2.0,-0.0609850067400931,2.0,-0.0609850067400931,2.0,-0.09027934383637538
0,0.0,0.1334707393849174,1.0,0.15476567771918545,0.0,0.15476567771918545,3.0,0.1063363102120916
0,0.0,0.28940027148995595,2.0,0.130024073215064,2.0,0.130024073215064,2.0,0.12522378966727268
0,0.0,0.2780863762645684,2.0,0.1071452260268239,2.0,0.1071452260268239,2.0,-0.026190149251712452
0,0.0,0.2607937084483329,2.0,-0.012374875033691545,2.0,-0.012374875033691545,2.0,-0.015151526428155359
0,0.0,0.3435693172849987,2.0,0.18630322126554819,2.0,0.18630322126554819,2.0,0.18094111688445536
0,0.0,0.11554899437279026,1.0,0.08314839798349116,0.0,0.08314839798349116,4.0,0.2849428991451484
0,1.0,0.03232260761106786,0.0,-0.1553625888944836,1.0,-0.1552667929107484,0.0,-0.16145255392295899
0,0.0,0.16421564036698816,2.0,0.033523133024919445,2.0,0.033523133024919445,2.0,0.011989762708923237
0,0.0,0.04646564637860442,2.0,-0.0586804985295962,2.0,-0.0586804985295962,2.0,-0.1598970893814167
0,1.0,-0.015326484521370249,0.0,-0.03995232197849929,1.0,-0.03934017319492424,0.0,-0.08494686315829171
0,0.0,0.17628199673571307,2.0,-0.0631435271834932,2.0,-0.0631435271834932,2.0,-0.07827222028751453
0,0.0,0.21520364392352662,2.0,-0.042704376935712225,2.0,-0.042704376935712225,2.0,-0.07701345507617452
0,0.0,0.19150481740817626,1.0,0.11829993761195008,0.0,0.11829993761195008,3.0,0.0006453423736387991
0,0.0,0.2642900352801322,2.0,0.040853930367621506,2.0,0.040853930367621506,2.0,-0.012363918079947108
0,0.0,0.3322599911384508,2.0,0.052066513431723305,2.0,0.052066513431723305,2.0,0.004522084653468752
0,0.0,0.28810967019746186,2.0,0.18333057881450002,2.0,0.12777796897975374,2.0,0.12777796897975374
0,0.0,0.23337707776981176,2.0,0.04967209610320238,2.0,0.04967209610320238,2.0,-0.06935495178502507
0,0.0,0.306515383151189,2.0,0.12939727882190027,2.0,0.12939727882190027,2.0,0.12188739787860065
0,0.0,0.21856059793660065,2.0,0.05983452607297617,2.0,0.05983452607297617,2.0,0.011864163315667406
0,0.0,0.3062949215011119,2.0,0.07588802165734672,2.0,0.07588802165734672,2.0,0.06821802413762813
0,0.0,0.1525649385267858,2.0,0.05334141461325121,2.0,0.05334141461325121,2.0,-0.02501478460399698
0,0.0,0.07026304821937986,2.0,0.0876534915018868,2.0,0.05083441536881169,2.0,0.05083441536881169
0,0.0,0.17760873745863834,2.0,0.04920463256198469,2.0,0.0351521903077801,2.0,0.0351521903077801
0,0.0,0.21290209558099174,2.0,-0.0013142393614515142,2.0,-0.0013142393614515142,2.0,-0.017878843359411683
0,0.0,0.14293557767695209,2.0,0.00376748761562738,2.0,0.00376748761562738,2.0,-0.11578219839640586
0,0.0,0.18662521099614643,2.0,0.061655487970594516,2.0,0.00642269583923245,2.0,-0.015719141739522265
0,0.0,0.06872181467051397,2.0,-0.047989446739499945,2.0,-0.047989446739499945,2.0,-0.12305250707562086
0,0.0,0.15321246529240543,2.0,0.13000863266379714,2.0,0.11971852132369508,2.0,0.09661323632864446
0,0.0,0.2224931607333445,2.0,0.0700110034796748,2.0,0.0700110034796748,2.0,-0.16165371106817766
0,1.0,-0.11092918731711351,0.0,-0.16115724783382768,1.0,-0.16243853767424282,0.0,-0.16476812832262291
0,0.0,0.20773406485052728,2.0,0.12794278668725667,2.0,0.1008729428316146,2.0,0.1008729428316146
0,0.0,0.2489296263432045,2.0,0.02025010520174884,2.0,0.02025010520174884,2.0,-0.047573300559547185
0,0.0,0.2090470685643937,2.0,0.011842972689218505,2.0,0.011842972689218505,2.0,-0.1310768387752142
0,0.0,0.16164830663699623,2.0,0.008057744880479592,2.0,0.008057744880479592,2.0,-0.019895837114821225
0,0.0,0.13541622933462466,2.0,0.07258540136239015,2.0,0.07258540136239015,2.0,-0.12276029863738276
0,0.0,0.17599208226440918,2.0,0.007251519203937192,2.0,0.007251519203937192,2.0,-0.12246221722327151
0,0.0,0.19548147245877434,2.0,0.09911970462400073,2.0,0.09911970462400073,2.0,0.09883579508681704
0,0.0,0.2046502834231029,2.0,-0.0011353665574666413,2.0,-0.0011353665574666413,2.0,-0.0017420150326672272
0,1.0,-0.02211779428339193,0.0,-0.047889010892709805,1.0,-0.06496712520462554,0.0,-0.10244709080972916
0,0.0,0.2971270959923218,2.0,0.08389464409119239,2.0,0.08389464409119239,2.0,0.07059293985967982
0,0.0,0.23909200148220766,2.0,0.06421487432260072,2.0,0.06421487432260072,2.0,0.010417497211820594
0,0.0,0.21119736075213466,2.0,0.050921089158906994,2.0,0.050921089158906994,2.0,-0.004134423361142556
0,0.0,0.08381815816081602,1.0,0.05322046160974049,0.0,0.05322046160974049,4.0,0.18418514033135575
0,0.0,0.19016299579185447,2.0,0.03748924042453925,2.0,0.03748924042453925,2.0,0.004720949073770418
0,0.0,0.24492825185033779,2.0,0.09760495044258391,2.0,0.09760495044258391,2.0,0.09098812473400436
0,1.0,-0.18867550489469212,0.0,-0.2003001928734416,1.0,-0.20183652623356169,0.0,-0.2024909033282208
0,0.0,0.14103769914055003,2.0,0.09459126488817966,2.0,0.030333551383758144,2.0,-0.011670315736736185
0,1.0,-0.1501680096755127,0.0,-0.165040308722012,3.0,0.07556623777289395,1.0,0.07556623777289395
0,0.0,0.13937045707506956,2.0,-0.08523999910327555,2.0,-0.08523999910327555,2.0,-0.09431526881389837
0,0.0,0.23281408211480994,2.0,0.07384901213080074,2.0,0.07384901213080074,2.0,0.06921785758083054
0,0.0,0.14895865789302415,2.0,0.05634996805048948,2.0,0.05634996805048948,2.0,0.0012561085384876346
0,0.0,0.2895149285317651,2.0,0.07325202476934008,2.0,0.07325202476934008,2.0,0.026428758499017116
0,0.0,0.08422657697547291,2.0,-0.05347809902305047,2.0,-0.05347809902305047,2.0,-0.09987259393269016
0,0.0,0.23891714076678433,2.0,0.0800387285377884,2.0,0.0800387285377884,2.0,-0.0030531553653323465
0,1.0,-0.1057900206744821,0.0,-0.11777459061437455,3.0,0.1037624241084093,1.0,0.1037624241084093
0,0.0,0.2264858554245905,2.0,0.016783085056846638,2.0,0.016783085056846638,2.0,0.010206643674020242
0,0.0,0.22284094046261332,2.0,0.17110427965529923,2.0,0.1438606441075807,2.0,0.0476077839084484
0,0.0,0.212559038093515,2.0,0.086955711413023,2.0,0.07680906579522184,2.0,0.02983692101166695
0,0.0,0.24913127313414885,2.0,0.18390587745808312,2.0,0.1734187208058471,2.0,0.1268309113805149
0,1.0,0.04400514256327272,0.0,-0.02124228217753498,1.0,-0.01933074119857869,0.0,-0.08515316008437787
0,1.0,-0.11228615107180352,0.0,-0.12987777368496886,1.0,-0.13116956214262948,0.0,-0.1339499408483197
0,0.0,0.2783781477251707,2.0,0.0002893960140486565,2.0,0.0002893960140486565,2.0,-0.008670165226483706
0,0.0,0.1722968294637292,2.0,-0.021373323409320508,2.0,-0.021373323409320508,2.0,-0.05447087301820454
1,1.0,0.19464312098451622,0.0,0.07353423043251266,1.0,0.047549825107911545,0.0,0.024767974248580123
1,1.0,0.40698098205323346,0.0,0.2877138596340231,1.0,0.28077343326959336,0.0,0.26798049956397113
1,1.0,0.24594270053382317,0.0,0.05279202806229926,1.0,0.05522146960462239,0.0,0.016381283528392302
1,1.0,0.2078257612476899,0.0,0.1690660712596392,1.0,0.08609731510558678,0.0,0.08609731510558678
1,1.0,0.28347528853118265,0.0,0.20097912221575745,1.0,0.1798477800372502,0.0,0.1798477800372502
1,1.0,0.19403784848980912,0.0,0.10103091278952252,1.0,0.10278262452775935,0.0,0.04643175200779044
1,1.0,0.2664238553188296,0.0,0.13001514304671302,1.0,0.1326697139020417,0.0,0.11379355888941493
1,1.0,0.3093186019987979,0.0,0.20450408272824797,1.0,0.13085162870431702,0.0,0.13085162870431702
1,1.0,0.26341459352623936,0.0,0.08174388015089062,1.0,-0.01201320197234177,0.0,-0.02112186645876282
1,1.0,0.24035808223322483,0.0,0.14607318016857374,1.0,0.09936819851711653,0.0,0.09936819851711653
1,1.0,0.18557384200520557,0.0,0.01534614509144295,1.0,0.016682605553531786,0.0,-0.017935502569003517
1,1.0,0.16510290419520696,0.0,0.10627144231319195,1.0,0.1086564792997625,0.0,0.022463999048897464
1,1.0,0.1797910132889516,0.0,0.051610606130140235,1.0,0.05381811153999874,0.0,0.004420189481017497
1,1.0,0.17885865318581434,0.0,0.09478289262433987,1.0,0.08316093338797718,0.0,0.08202848590969719
1,1.0,0.3349519571573243,0.0,0.18781490567351997,1.0,0.19126557556141724,0.0,0.11505913350629977
1,1.0,0.258271104901847,0.0,0.16129244841974377,1.0,0.16510168506059186,0.0,0.14193593317150438
1,1.0,0.2993431284923376,0.0,0.15485034667075478,1.0,0.1466096749624596,0.0,0.14038977206596714
1,1.0,0.07880261757757685,0.0,0.048470183040328386,1.0,-0.0416545893042974,0.0,-0.0416545893042974
1,1.0,0.2013862170547752,0.0,0.05688182015112871,1.0,0.05975068603585041,0.0,-0.012339040055622823
1,1.0,0.1611314890603293,0.0,0.14696607636319006,1.0,0.11109053695391356,0.0,0.11109053695391356
1,1.0,0.1812469602451849,0.0,0.050516162157107955,1.0,0.05208435013090885,0.0,0.016169830605919904
1,1.0,0.22483067210386934,0.0,0.15861719198963564,1.0,0.12398950496622016,0.0,0.06511196832161839
1,1.0,0.2374782617166724,0.0,0.09490751634632086,1.0,0.09807900173877639,0.0,0.09389736852673553
1,1.0,0.2785285426299302,0.0,0.19093779003409866,1.0,0.15848029956711043,0.0,0.15848029956711043
1,1.0,0.3645974941806019,0.0,0.27429374152893327,1.0,0.12916963808208873,0.0,0.12916963808208873
1,1.0,0.27380200789898834,0.0,0.16886684549513944,1.0,0.09371572021891858,0.0,0.09371572021891858
1,1.0,0.2276046319627383,0.0,0.09469081060147752,1.0,0.09865783613828606,0.0,0.046814850083082615
1,1.0,0.26377396525046426,0.0,0.1734632342906417,1.0,0.17743879883621066,0.0,0.11956510011990375
1,1.0,0.30483279394407437,0.0,0.1677749039048328,1.0,0.10470753694194976,0.0,0.0798594995107517
1,1.0,0.39126210167606745,0.0,0.22610263109891576,1.0,0.2152649161890408,0.0,0.2126402044627742
1,1.0,0.21582784190078289,0.0,0.016878407758251786,1.0,0.020695168315878677,0.0,-0.016845002978596202
1,1.0,0.25115297430507777,0.0,0.1651691885972216,1.0,0.057231735947557476,0.0,0.057231735947557476
1,1.0,0.19302718820175768,0.0,0.06536301444848235,1.0,0.03793339012207198,0.0,0.0054982153817744765
1,1.0,0.2625693756062344,0.0,0.1480425426356999,1.0,0.15128681538295385,0.0,0.1122523063734393
1,1.0,0.2694213473090663,0.0,0.17778176998485973,1.0,0.1640043268319356,0.0,0.1640043268319356
1,1.0,0.03351865018252114,0.0,-0.03925842518673457,1.0,-0.1284311732252958,0.0,-0.2662727321143704
1,1.0,0.27832756938024483,0.0,0.2066801955728128,1.0,0.16658755729077274,0.0,0.16005973735046403
1,1.0,0.2903890815920838,0.0,0.08164627224417771,1.0,0.032452338916010064,0.0,0.032452338916010064
1,1.0,0.2095712613783112,0.0,0.04269696943882758,1.0,0.04557163736493892,0.0,0.038433898601311335
1,1.0,0.2825221936466536,0.0,0.211103880931877,1.0,0.0715675908533133,0.0,0.0715675908533133
1,1.0,0.31049344858890354,0.0,0.17595840076831845,1.0,0.1790199998054829,0.0,0.14218868677329063
1,1.0,0.06825295325657686,0.0,-0.08108917883678558,1.0,-0.0792645923744178,0.0,-0.15425031396889066
1,1.0,0.1400228627172319,0.0,0.093358443408818,1.0,0.08470608758366567,0.0,-0.03322694886804272
1,1.0,0.23163789260290452,0.0,0.07203192757895663,1.0,-0.07331490684349337,0.0,-0.07331490684349337
1,1.0,0.3203050060188332,0.0,0.17313187441662967,1.0,0.17717925105061472,0.0,0.155496315047083
1,1.0,0.2734091257033804,0.0,0.1635797977040526,1.0,0.16725394707021193,0.0,0.15888791115304682
1,1.0,0.285616454950452,0.0,0.2011362590106127,1.0,0.1703780369865441,0.0,0.1703780369865441
1,1.0,0.16040396081097627,0.0,0.1250717353292727,1.0,0.1277917390466693,0.0,0.11009059373208539
1,1.0,0.2770781998557742,0.0,0.172347188189565,1.0,0.16551885341384212,0.0,0.1410934062461636
1,1.0,0.21731285608450435,0.0,0.006466684470765043,1.0,0.010123206944930688,0.0,-0.05547822498676792
1,1.0,0.15385308833818126,0.0,0.1252201838462073,1.0,0.08735396814400162,0.0,0.08735396814400162
1,1.0,0.2721129813859795,0.0,0.17938544497394965,1.0,0.06966773153593848,0.0,0.06966773153593848
1,1.0,0.12406120149079347,0.0,0.040405790160412285,1.0,-0.08958065438052962,0.0,-0.08958065438052962
1,1.0,0.2727480854696936,0.0,0.13757879142183313,1.0,0.06149854656284278,0.0,0.06149854656284278
1,1.0,0.2838416694469566,0.0,0.14402845713876472,1.0,0.14744245512177684,0.0,0.11398161696250657
1,1.0,0.23511763240518263,0.0,0.1430433733573834,1.0,0.047302248347033546,0.0,0.047302248347033546
1,1.0,0.19167363672628374,0.0,0.06812195787707373,1.0,0.07015527054094424,0.0,0.0611889226438537
1,1.0,0.16251157926165674,0.0,0.10199701481971085,3.0,0.07328076534374975,1.0,0.07328076534374975
1,1.0,0.3715816624446959,0.0,0.21595163096004735,1.0,0.21993780805825727,0.0,0.17085927269162687
1,1.0,0.32217338685507796,0.0,0.22091562678441987,1.0,0.09481978411859288,0.0,0.09481978411859288
1,1.0,0.278660903727682,0.0,0.19833157523441686,1.0,0.20255706837231438,0.0,0.18580063759938112
1,1.0,0.20190066971800683,0.0,0.12197507212348771,1.0,0.12473091556171433,0.0,0.05455110497997323
1,1.0,0.2109859572322387,0.0,0.0010531237394852957,1.0,0.0030762559643345614,0.0,-0.02574826759536515
1,1.0,0.19720733032572477,0.0,0.013109608502646575,1.0,0.015450959050111986,0.0,-0.035675707311854626
1,1.0,0.28265704438882877,0.0,0.20766773846657804,1.0,0.007949634760680013,0.0,0.007949634760680013
1,1.0,0.20091523180844514,0.0,0.0909677911731658,1.0,0.09251990356997877,0.0,0.033507923529815284
1,1.0,0.31553701709444376,0.0,0.18637479681805977,1.0,0.19014362033763238,0.0,0.16732827090783428
1,1.0,0.28527643533533487,0.0,0.14635993491266938,1.0,0.10205743618724794,0.0,0.10205743618724794
1,1.0,0.2565934230826538,0.0,0.20095130566163855,1.0,0.14141168230958218,0.0,0.12355675439486159
1,1.0,0.2663069284553078,0.0,0.10773070538199744,1.0,0.06806128747018265,0.0,0.06806128747018265
1,1.0,0.3369250790053234,0.0,0.21593002248674933,1.0,0.16932226021865754,0.0,0.16647773700834861
1,1.0,0.23787924262531487,0.0,0.02400633625900829,1.0,0.02638510826495108,0.0,0.010048440705875841
1,1.0,0.2604829825925484,0.0,0.14827766809903004,1.0,0.15128356230889964,0.0,0.12342097071193656
1,1.0,0.2739990970495973,0.0,0.18111488492402578,1.0,0.10585866120201615,0.0,0.10585866120201615
1,1.0,0.19575636097938606,0.0,0.011157405956621841,1.0,0.01213573797300493,0.0,-0.02864453937380044
1,1.0,0.3180409836425658,0.0,0.2033178919277389,1.0,0.190861912263393,0.0,0.190861912263393
1,1.0,0.3502378653822171,0.0,0.2471549971119588,1.0,0.22268600062267768,0.0,0.22268600062267768
1,1.0,0.2627708405829607,0.0,0.15536995217904434,1.0,0.15850792049189638,0.0,0.14433954813948513
1,1.0,0.15890308109147325,0.0,0.041216051368652716,1.0,-0.11455078895623061,0.0,-0.11455078895623061
1,1.0,0.23335702208980755,0.0,0.022799742420502853,1.0,0.024908344710996566,0.0,-0.021664483605850007
1,1.0,0.2845156764291045,0.0,0.15254485342566768,1.0,0.15637378834279353,0.0,0.1558131634638935
1,1.0,0.11324186555128425,0.0,0.013063465859430867,3.0,0.19586227636656306,1.0,0.15900784241329524
1,1.0,0.3075830461195772,0.0,0.2290172779677664,1.0,0.15118656168292974,0.0,0.15118656168292974
1,1.0,0.24396142506327262,0.0,0.19302532494964317,1.0,-0.0028205511476606104,0.0,-0.0028205511476606104
1,1.0,0.3367611115964949,0.0,0.2392279473349978,1.0,0.20838175066734552,0.0,0.20838175066734552
1,1.0,-0.01688758221282827,0.0,-0.06024954717256652,1.0,-0.09958000530718075,0.0,-0.23987262406013815
1,1.0,0.1993917388163104,0.0,0.1933796906552122,1.0,0.031118174357737612,0.0,0.031118174357737612
1,1.0,0.2564548296510691,0.0,0.1936287904533899,1.0,-0.07177104282512392,0.0,-0.07177104282512392
1,1.0,0.23168314088720246,0.0,0.1751056243817365,1.0,0.03521520526199986,0.0,0.03521520526199986
1,1.0,0.2976057663034915,0.0,0.15887314166428557,1.0,0.15136310194529792,0.0,0.1266577315326643
1,1.0,0.19115472345755133,0.0,-0.010117840173205507,1.0,-0.009739525500607379,0.0,-0.01288246540699414
1,1.0,0.273785205903211,0.0,0.1781873101207218,1.0,0.1815317980143275,0.0,0.1627695336865049
1,1.0,0.14515709668084004,0.0,-0.013666919844025774,1.0,-0.010997044012384145,0.0,-0.05571443978278668
1,1.0,0.2592352408768854,0.0,0.12799053332742963,1.0,0.13298739122356704,0.0,0.10710308818443315
1,1.0,0.16164943013917393,0.0,-0.013179885778496065,1.0,-0.011757224753766652,0.0,-0.013069180806406023
1,1.0,0.2718496576545271,0.0,0.15260379232269247,1.0,0.15593472084068766,0.0,0.13494385810553286
1,1.0,0.30862406594643516,0.0,0.16079078064796773,1.0,0.16411752252672773,0.0,0.15533439900160398
1,1.0,0.2709335664129893,0.0,0.17817170982627192,1.0,0.1248333319744773,0.0,0.1248333319744773
1,1.0,0.2545287345396787,0.0,0.14228531216105292,1.0,0.1360077236650303,0.0,0.08345776499192979
1,1.0,0.2560042599938223,0.0,0.2175148559832729,1.0,0.05749964973315503,0.0,0.05749964973315503
1,1.0,0.3030426121497649,0.0,0.17667618509602753,1.0,0.18009572212680786,0.0,0.17982195512278423
1,1.0,0.21238307806749684,0.0,0.1444911766227711,1.0,0.13000449296639044,0.0,0.11647823333418723
1,1.0,0.2851287483757855,0.0,0.1749043000141745,1.0,0.17913904901975009,0.0,0.16750826864154936
1,1.0,0.22275274974597495,0.0,0.15074721586789855,1.0,0.12256012767689982,0.0,0.12256012767689982
1,1.0,0.32349355000272706,0.0,0.1736923862126442,1.0,0.1781835235672968,0.0,0.1750441189629
1,1.0,0.24368420861620751,0.0,0.20411150485801577,1.0,0.06925926940002204,0.0,0.06925926940002204
1,1.0,0.2986160065738651,0.0,0.2186647980319815,1.0,0.1497728107583985,0.0,0.1497728107583985
1,1.0,0.3245935310360185,0.0,0.21631109580946759,1.0,0.10871906888377379,0.0,0.10871906888377379
1,1.0,0.24614581822844858,0.0,0.11362410130262543,1.0,0.02921508222337642,0.0,0.02921508222337642
1,1.0,0.24963451291283173,0.0,0.13088542400936234,1.0,0.12459187382964242,0.0,0.12459187382964242
1,1.0,0.2755941950220098,0.0,0.14247955404535054,1.0,0.12289650424601016,0.0,0.12289650424601016
1,1.0,0.2796015217735217,0.0,0.21937893136102088,1.0,0.22338520420761343,0.0,0.22202037098059818
1,1.0,0.1981809848733041,0.0,0.04014788690428845,1.0,0.04311324424094952,0.0,-0.016638032711048144
1,1.0,0.19780132848339313,0.0,-0.04608882941806355,1.0,-0.04200708969815938,0.0,-0.09747088993865692
1,1.0,0.2644041749879246,0.0,0.10116263783671703,1.0,0.10475147434846425,0.0,0.04401700241320506
1,1.0,0.323630585323238,0.0,0.18771605570643193,1.0,0.13321609710783333,0.0,0.13321609710783333
1,1.0,0.259569971857855,0.0,0.12938295025986843,1.0,0.13258652425630815,0.0,0.0999097236958269
1,1.0,0.2443951974605265,0.0,0.1756925944511061,1.0,0.11374858423128333,0.0,0.11374858423128333
1,1.0,0.2726530941383988,0.0,0.13746392343828906,1.0,0.0638377131174226,0.0,0.0638377131174226
1,1.0,0.26376872017902636,0.0,0.03561448607846171,1.0,0.03828454759399028,0.0,-0.0027425582252398484
1,1.0,0.36379881551583654,0.0,0.22179005365205376,1.0,0.22132606653173517,0.0,0.21319404575508855
1,1.0,0.2549397854926438,0.0,0.11907584684292477,1.0,0.12233337667034888,0.0,0.11882109761994426
1,1.0,0.3288846140179246,0.0,0.21941666999900553,1.0,0.1999319759500084,0.0,0.1999319759500084
1,1.0,0.32075179558904554,0.0,0.15187657290423848,1.0,0.05997336302657776,0.0,0.05997336302657776
1,1.0,0.2410036778844919,0.0,0.07710678912160263,1.0,0.07919710224520216,0.0,0.06277380956435574
1,1.0,0.20902603380409124,0.0,0.09271740980274691,1.0,0.07876054526731743,0.0,0.07876054526731743
1,1.0,0.27931604488138084,0.0,0.15643248340098095,1.0,0.0898061648671545,0.0,0.0898061648671545
1,1.0,0.21016350129792044,0.0,0.13452632445744747,1.0,0.06496333840242113,0.0,0.06496333840242113
1,1.0,0.34842264983727733,0.0,0.2352413236910266,1.0,0.23949740080227558,0.0,0.23680700832910423
1,1.0,0.2738675879588983,0.0,0.20298916984463392,1.0,0.10589139670839205,0.0,0.10589139670839205
1,1.0,0.12748123869726055,0.0,0.019845460376499684,1.0,0.023331813081306323,0.0,-0.041934397316309185
1,1.0,0.26571263117061233,0.0,0.18870340470474664,1.0,-0.06400909815671539,0.0,-0.06400909815671539
1,1.0,0.16521514112755192,0.0,0.11734891700409725,1.0,0.11959295255286928,0.0,0.03565272999989287
1,1.0,0.12558184740887424,0.0,0.01418900733876258,1.0,0.010954147209135123,0.0,-0.007726298197068231
1,1.0,0.14798624915491043,0.0,-0.09104202578957932,1.0,-0.09072749281692614,0.0,-0.09196803966471942
1,1.0,0.319380341993401,0.0,0.16561962336819028,1.0,0.15433704241708487,0.0,0.09148896162262193
1,1.0,0.2714202274308075,0.0,0.03793320436778598,1.0,0.042741099520199104,0.0,-0.015882300992873362
1,1.0,0.12379832882208754,0.0,-0.026236328589023333,1.0,-0.024290265939640805,0.0,-0.07887156508650985
1,1.0,0.1495086370666763,0.0,0.09196089303891879,1.0,0.08654662435846303,0.0,0.08654662435846303
1,1.0,0.28535004577119555,0.0,0.2032026111946811,1.0,0.1375901033259982,0.0,0.1375901033259982
1,1.0,0.21425771331733645,0.0,0.091305011300728,1.0,-0.03782943293761579,0.0,-0.03782943293761579
1,1.0,0.16023292630595162,0.0,0.05785897156962231,3.0,0.11942937225484682,1.0,0.11942937225484682
1,1.0,0.2427744740059652,0.0,0.1400780813287668,1.0,0.1431921213886294,0.0,0.09629052158531966
1,1.0,0.1380835934129785,0.0,-0.10096051548858621,1.0,-0.10002944241557009,0.0,-0.1522713910788329
1,1.0,0.300966621370294,0.0,0.24179779005362842,1.0,0.06073006286738215,0.0,0.06073006286738215
1,1.0,0.2757304978269272,0.0,0.10112880095467865,1.0,0.10414585960525556,0.0,0.07946908420813538
1,1.0,0.3519344715561564,0.0,0.2557130046652483,1.0,0.16186152605371137,0.0,0.16186152605371137
1,1.0,0.26080022117384083,0.0,0.10401478878807285,1.0,-0.011624984174121994,0.0,-0.011624984174121994
1,1.0,0.24285305371505467,0.0,0.04948786658284807,1.0,0.052041419330725244,0.0,0.006090374952177838
1,1.0,0.2342971373642252,0.0,0.09131578923990961,1.0,0.07291865032539412,0.0,0.060747454160098205
1,1.0,0.2538483927180343,0.0,0.07487552361764073,1.0,0.07877240072261008,0.0,0.03768127360025358
1,1.0,0.2263284900833667,0.0,0.13790916990077443,1.0,-0.09931264717673809,0.0,-0.09931264717673809
1,1.0,0.226292392735708,0.0,0.1260766945396639,1.0,0.11317322202605765,0.0,0.07244541661284738
1,1.0,0.2775051095058438,0.0,0.1762382050293237,1.0,0.0924737630591975,0.0,0.0924737630591975
1,1.0,0.25109599615666606,0.0,0.17529912616753449,1.0,0.036991595471330255,0.0,0.036991595471330255
1,1.0,0.24274772316113377,0.0,0.14391485466261889,1.0,0.1476735537619409,0.0,0.11148437805237543
1,1.0,0.21552117287313988,0.0,0.186172411438356,1.0,0.1214690993394699,0.0,0.11308697435893267
1,1.0,0.3266241018060945,0.0,0.2003788351848915,1.0,0.20526384557063673,0.0,0.18434937971327478
1,1.0,0.2794299229604008,0.0,0.18966645565954396,1.0,0.03622057597325233,0.0,0.03622057597325233
1,1.0,0.28856309305276884,0.0,0.1974280165455958,1.0,0.20092171775431297,0.0,0.17505996893499612
1,1.0,0.2360208508478832,0.0,0.10286426253680744,1.0,0.10572188869741976,0.0,0.08038113315752846
1,1.0,0.21031786294155744,0.0,0.054233437078571985,1.0,0.057070027420852106,0.0,0.03758481283103234
1,1.0,0.18703008114974395,0.0,0.11830861153745446,1.0,0.04140607668332983,0.0,0.04140607668332983
1,1.0,0.33186826964345173,0.0,0.19745705294537697,1.0,0.173855072570021,0.0,0.173855072570021
1,1.0,0.2572117849192499,0.0,0.14359112486257858,1.0,0.1467883257233261,0.0,0.011846098769970176
1,1.0,0.19587849594474907,0.0,0.09634666157523654,1.0,0.09814639436270585,0.0,0.017058430451374708
1,1.0,0.3590426093936787,0.0,0.2362890482222131,1.0,0.19875299759996196,0.0,0.16966267605005106
1,1.0,0.308845553160913,0.0,0.1811772534601645,1.0,0.1223297352680972,0.0,0.1223297352680972
1,1.0,0.2748721117630945,0.0,0.2198436787017866,1.0,0.2018370661488371,0.0,0.17297603302506237
1,1.0,0.25924129306969,0.0,0.10930837465238025,1.0,0.1120336921370253,0.0,-0.0022471154950573125
1,1.0,0.2900165887936887,0.0,0.10836028256812126,1.0,0.1047626708341266,0.0,0.07560343914790081
1,0.0,-0.015084043203980919,2.0,-0.04794343628913842,2.0,-0.04794343628913842,2.0,-0.09565073333012422
1,1.0,0.2725157426422397,0.0,0.13767151125789553,1.0,0.1419086591798987,0.0,0.11392381565241488
1,1.0,0.15235798721269145,0.0,-0.1237549366318145,1.0,-0.12292754814965243,0.0,-0.14149671545791231
1,1.0,0.24079061709232666,0.0,0.047361267510839286,1.0,0.05054169204722504,0.0,-0.060702874579576745
1,1.0,0.2925076685109554,0.0,0.2325219610418546,1.0,-0.004343905958316042,0.0,-0.004343905958316042
1,1.0,0.20413312061231617,0.0,0.10942670253253257,1.0,-0.026088217306982762,0.0,-0.026088217306982762
1,1.0,0.14919990869447755,0.0,-0.03337094922205799,1.0,-0.03300361216169286,0.0,-0.05973683271699747
1,1.0,0.24261784511896997,0.0,0.09419710006221219,1.0,0.09818504498757051,0.0,0.04255170208604897
1,1.0,0.22571599305236428,0.0,0.18477239070490348,1.0,0.14545505650910007,0.0,0.14545505650910007
1,1.0,0.11981423831949557,0.0,0.026579724717040117,1.0,0.029168572735314084,0.0,-0.05946230072230007
1,1.0,0.24165623741800613,0.0,0.08106950459372879,1.0,0.0841465470051238,0.0,0.06206323601772843
1,1.0,0.25127506838304337,0.0,0.10599918851539937,1.0,0.10915592264940659,0.0,-0.0008918495561868975
1,0.0,-0.07555379493532732,1.0,0.10817503392282375,0.0,0.10710877122997048,3.0,0.20054621343508935
1,1.0,0.3044871298142001,0.0,0.1268463253791911,1.0,0.13013013894419595,0.0,0.12265303577785215
1,1.0,0.2648020121604313,0.0,0.0964678270380535,1.0,0.09841386885579133,0.0,0.035232920649845734
1,1.0,0.2897450677444187,0.0,0.20205067647855876,1.0,0.15014778579303675,0.0,0.12040399031486837
1,1.0,0.13366486002575098,0.0,0.05612114245732476,1.0,0.028597172570288685,0.0,0.023894610407496783
1,1.0,0.32467596536684684,0.0,0.25405123656166523,1.0,0.11534523663539153,0.0,0.11534523663539153
1,1.0,0.3061735741329484,0.0,0.16646350629758805,1.0,0.07968111885515008,0.0,0.07968111885515008
1,1.0,0.22128075167800237,0.0,0.16176816396459356,1.0,0.06870682553091012,0.0,0.06870682553091012
1,1.0,0.2641959601603279,0.0,0.07079593086143357,1.0,0.07201142654729116,0.0,0.05366190988401886
1,1.0,0.23633225041962777,0.0,0.19563570360939028,1.0,0.12587268287183226,0.0,0.12587268287183226
1,1.0,0.29929929613869705,0.0,0.08288594737297086,1.0,0.08548378982472064,0.0,0.046467249660347994
1,1.0,0.2979889685947325,0.0,0.2142942152972034,1.0,0.17693501262781522,0.0,0.17693501262781522
1,1.0,0.3169707378391922,0.0,0.23615031949332604,1.0,0.22164996667193354,0.0,0.2156292115097129
1,1.0,0.2795159725448803,0.0,0.13753496436099036,1.0,0.14086085118356945,0.0,0.1306562887060343
1,1.0,0.2636193013240835,0.0,0.1095031427714951,1.0,0.11280232304599029,0.0,0.10933063660298073
1,1.0,0.2037568526738605,0.0,0.12272726063649035,1.0,0.07359241293370866,0.0,0.07359241293370866
1,1.0,0.2656424423966044,0.0,0.12847412560991503,1.0,0.13168016036337898,0.0,0.09452657283684339
1,1.0,0.1501583571532139,0.0,-0.021972037164279392,1.0,-0.019741868409586256,0.0,-0.022825525784648353
1,1.0,0.34483835992270545,0.0,0.22997795698401838,1.0,0.1684926129490832,0.0,0.1684926129490832
1,1.0,0.27002888043635964,0.0,0.15042469918232376,1.0,0.06124026441430684,0.0,0.06124026441430684
1,0.0,-0.08631850755811746,1.0,0.14724812471258505,0.0,0.14686662281513785,3.0,0.18631216591776242
1,1.0,0.23301210573454972,0.0,0.14655111064857032,1.0,-0.0880370354330937,0.0,-0.0880370354330937
1,1.0,0.18019492075497995,0.0,0.11584328540406615,1.0,0.11916060374519115,0.0,0.10422698132902902
1,1.0,0.13581046216522485,0.0,0.09683640579998246,1.0,-0.1311368369377588,0.0,-0.1311368369377588
1,1.0,0.26406413140262486,0.0,0.1630526072975912,1.0,0.056050862487821713,0.0,0.056050862487821713
1,1.0,0.28617824299236166,0.0,0.18127659064669796,1.0,0.11103684882316976,0.0,0.11103684882316976
1,1.0,0.20299756404622782,0.0,0.045669000334592924,1.0,0.04677283810031467,0.0,0.046612345752416844
1,1.0,0.3233897030918043,0.0,0.12901580801211512,1.0,0.13190634690397982,0.0,0.1256346674385478
1,1.0,0.21455637067653782,0.0,0.13635431928682226,1.0,0.13516326746843743,0.0,-0.016274908566471936
1,1.0,0.13285164922818257,0.0,0.015118080596954794,1.0,0.017498550329519157,0.0,-0.006086272699971763
1,1.0,0.3016384172873907,0.0,0.13506452249602713,1.0,0.13817064269686005,0.0,0.0977260507518948
1,1.0,0.17680336868911956,0.0,0.10933692233989321,1.0,0.11177531805508548,0.0,0.09664687654913204
1,1.0,0.18396301050748134,0.0,0.1469055043168319,1.0,0.030277954284502376,0.0,0.030277954284502376
1,1.0,0.24174756211302822,0.0,0.07562436001116991,1.0,0.07009050398236345,0.0,0.04302197705845286
1,1.0,0.15416933698206922,0.0,0.038172547908533735,1.0,0.039010506079770656,0.0,0.013221002992091212
1,1.0,0.2172413794502184,0.0,0.10123410775451108,1.0,0.10530085248373745,0.0,0.10024372539187658
1,1.0,0.18815040921706136,0.0,0.11702555843716383,1.0,0.1166939475980766,0.0,-0.04412092661901267
1,1.0,0.31400413551367035,0.0,0.1385031402552544,1.0,0.1416078412892325,0.0,0.10124058328813802
1,1.0,0.14613502899200081,0.0,0.06736079044179304,1.0,-0.02966301698261052,0.0,-0.02966301698261052
1,1.0,0.2717387241163511,0.0,0.14232966241889977,1.0,0.1448968058881598,0.0,0.1149397054763259
1,1.0,0.2775461009585416,0.0,0.20382944597277355,1.0,0.09480455415407772,0.0,0.09480455415407772
1,1.0,-0.002023057039118447,0.0,-0.0816917635967501,1.0,-0.08036709678812572,0.0,-0.09374282970966405
1,1.0,0.2478761083366966,0.0,0.07067390951926504,1.0,0.07513184312815353,0.0,0.010862267548904818
1,1.0,0.18170280352362342,0.0,0.12271662120761084,1.0,-0.14349582040742287,0.0,-0.14349582040742287
1,1.0,0.2876141824684976,0.0,0.13921116872885703,1.0,0.14354831011711022,0.0,0.11662279306062019
1,1.0,0.2786013800541163,0.0,0.10327822557473315,1.0,0.10638917393078223,0.0,0.1047907482714051
1,1.0,0.35427352388918176,0.0,0.2751076256884557,1.0,0.20344974417803524,0.0,0.20344974417803524
1,1.0,0.2757338201741353,0.0,0.06413770115502224,1.0,0.06641523544259692,0.0,0.026921199510166423
1,1.0,0.20077979353745412,0.0,0.039016301790152086,1.0,0.04065908943931045,0.0,0.03459394847079676
1,1.0,0.30501543267880465,0.0,0.19267564683470556,1.0,0.16990199286415766,0.0,0.15747210290464164
1,1.0,0.2320413383414301,0.0,0.0840092353010935,1.0,0.01576513705498679,0.0,0.01576513705498679
1,1.0,0.26969244970074224,0.0,0.1927081403015312,1.0,0.19599882455233492,0.0,0.1956330275899302
1,1.0,0.236793843166861,0.0,0.0678844841892553,1.0,0.07164938504619574,0.0,0.06102465826354901
1,1.0,0.2941256942373595,0.0,0.058618136776463756,1.0,0.06272781231104045,0.0,0.023526493804581324
1,1.0,0.24861683206784652,0.0,0.05200808257839178,1.0,0.039399594657753376,0.0,0.03916121698902169
1,1.0,0.2505212637027244,0.0,0.13932787054472512,1.0,0.04694779575032567,0.0,0.04694779575032567
1,1.0,0.22900678410278358,0.0,0.14069482115458534,1.0,0.1439015315975045,0.0,0.1195327010128042
1,1.0,0.25091701754703843,0.0,0.15680290225708274,1.0,0.11137675584084487,0.0,0.08984831377893583
1,1.0,0.33650916611324494,0.0,0.19434852339954134,1.0,0.18501325030396196,0.0,0.18501325030396196
1,0.0,0.03193926598996769,1.0,0.28957324750980296,0.0,0.2667535921622355,3.0,0.15112898220803628
1,1.0,0.31964978803970756,0.0,0.17986466122205652,1.0,0.06574839223642436,0.0,0.06574839223642436
1,1.0,0.20150686247324284,0.0,0.11822450127810911,1.0,0.09476420801707887,0.0,0.09095741933011543
1,1.0,0.19672724830915161,0.0,0.1613700878109716,1.0,-0.0290287733578337,0.0,-0.0290287733578337
1,1.0,0.26367010913819566,0.0,0.029163014226554856,1.0,0.03173237524442652,0.0,-0.013392496945108297
1,1.0,0.25974237579657106,0.0,0.10023376403382904,1.0,0.10284841382128593,0.0,0.06907011263728656
1,1.0,0.21770875229451542,0.0,0.08206427531663782,1.0,0.08502218948249422,0.0,0.0018824240456398447
1,1.0,0.27469619380151483,0.0,0.13563469392943944,1.0,0.0999936670305067,0.0,0.0999936670305067
1,1.0,0.20512547777350787,0.0,0.13747480390907993,1.0,-0.03042941484876495,0.0,-0.03042941484876495
1,1.0,0.3175068769478871,0.0,0.21616177694036515,1.0,0.08345476999804563,0.0,0.08345476999804563
1,1.0,0.303203796538251,0.0,0.20710914243730633,1.0,0.15725345540933217,0.0,0.15725345540933217
1,1.0,0.3356123574185779,0.0,0.18289840260183982,1.0,0.18682019329600197,0.0,0.17943956499270344
1,1.0,0.24721947585350681,0.0,0.18636082794911196,1.0,0.14315992221797227,0.0,0.14315992221797227
1,1.0,0.2543766639518624,0.0,0.14832539745408796,1.0,0.09670419978593844,0.0,0.09419595790333202
1,1.0,0.2532396529539128,0.0,0.1643626692785688,1.0,0.0973047509790851,0.0,0.0973047509790851
1,1.0,0.29395126808897215,0.0,0.12113208817586388,1.0,0.12554543483322467,0.0,0.09382180434950044
1,1.0,0.2992539610133838,0.0,0.18364055597379322,1.0,0.15035892161558853,0.0,0.15035892161558853
1,1.0,0.15961706116727462,0.0,-0.00898351015324407,1.0,-0.006823669663224073,0.0,-0.021093974643472384
1,1.0,0.24101734451317466,0.0,0.08101611423976209,1.0,0.083855685131424,0.0,0.045339414621335776
1,1.0,0.3640117564016464,0.0,0.21331116516333104,1.0,0.2172311391287082,0.0,0.2031703137634494
1,1.0,0.1580731632094842,0.0,0.011810917847070706,1.0,-0.07671915964078838,0.0,-0.07671915964078838
1,1.0,0.21126889186079176,0.0,0.04709000279100378,1.0,0.04993857515330394,0.0,-0.052821769411922494
1,1.0,0.14698308266713095,0.0,0.07071637449228918,3.0,0.14717475238592795,1.0,0.14717475238592795
1,1.0,0.20552437386952557,0.0,-0.0030935536208773306,1.0,-0.0017823877111568056,0.0,-0.025405086617502178
1,1.0,0.2872607865694928,0.0,0.1290531244753975,1.0,0.08686940389994162,0.0,0.08686940389994162
1,1.0,0.245697704187463,0.0,0.0006421865266477102,1.0,0.00314206446903481,0.0,-0.07980087765085904
1,1.0,0.30817161126748793,0.0,0.20691410268288285,1.0,0.21146420556156828,0.0,0.15903367692789186
1,1.0,0.28163982641155677,0.0,0.18110195171458754,1.0,0.027506312925533405,0.0,0.027506312925533405
1,1.0,0.31696213268788925,0.0,0.23274412879552892,1.0,0.1573907644138965,0.0,0.1573907644138965
1,1.0,0.18907877603223122,0.0,0.11667062223766626,1.0,0.03866333262012394,0.0,0.03866333262012394
1,1.0,0.13938964177478902,0.0,-0.057145269469874124,1.0,-0.056870454925776394,0.0,-0.12149620209714268
1,1.0,0.2147175045410826,0.0,0.12130731944088244,1.0,0.11329042642635223,0.0,0.09120336408958168
1,1.0,0.22755460484465478,0.0,0.16358777269934044,1.0,-0.062377109494824105,0.0,-0.062377109494824105
1,1.0,0.32153834146007865,0.0,0.2104757988947034,1.0,0.1801236157369764,0.0,0.1801236157369764
1,1.0,0.2229741420792243,0.0,0.1240343632416077,1.0,0.017443211081565217,0.0,0.017443211081565217
1,1.0,0.2976203675283918,0.0,0.20957897406256093,1.0,0.11576502111808312,0.0,0.11576502111808312
1,1.0,0.3128021063789508,0.0,0.2056314969641706,1.0,0.11740218711776078,0.0,0.11740218711776078
1,1.0,0.2958419050064836,0.0,0.17394830167161907,1.0,0.1776836921486142,0.0,0.1717612195277612
1,1.0,0.10787664175845778,0.0,0.0412400416199409,1.0,0.03244808250678225,0.0,-0.01020691281501088
1,1.0,0.3209272337059015,0.0,0.2599742454894306,1.0,0.1389587306301373,0.0,0.1389587306301373
1,1.0,0.28219702773873545,0.0,0.2232719217251238,1.0,0.15224110208554603,0.0,0.15224110208554603
1,1.0,0.20277692432697006,0.0,0.032687950176486034,1.0,0.03520943867109975,0.0,0.007606510642010718
1,1.0,0.23445563373675324,0.0,0.1398659903051506,1.0,0.02049871780356038,0.0,0.02049871780356038
1,1.0,0.3240498342182605,0.0,0.25475398276887057,1.0,0.17942356459831862,0.0,0.17942356459831862
1,1.0,0.15846505023052584,0.0,0.03470793709677048,1.0,0.03650668417913419,0.0,0.0074330985320302774
1,1.0,0.27831464773742626,0.0,0.15443310893322432,1.0,0.12061824586999806,0.0,0.12061824586999806
1,1.0,0.3222675507464316,0.0,0.13356460136699316,1.0,0.09725952900051518,0.0,0.09725952900051518
1,1.0,0.31369914532504367,0.0,0.19568235166417394,1.0,0.1720348543213329,0.0,0.1720348543213329
1,1.0,0.19728116462355497,0.0,0.13323184979034333,1.0,0.13440744987059994,0.0,0.12048094784563566
1,1.0,0.20883427623850415,0.0,0.03525612845772979,1.0,0.03752003949874286,0.0,0.01689482740017195
1,1.0,0.1601977721926953,0.0,0.043971940246853136,1.0,0.023765523989311938,0.0,-0.046488288313458775
1,1.0,0.1466314909846099,0.0,0.0586825916623549,1.0,0.06061078982291166,0.0,0.040518478139639054
1,1.0,0.28884542554556536,0.0,0.1452241298857248,1.0,0.14911589689506954,0.0,0.08934978270500248
1,1.0,0.26024416400924666,0.0,0.13781029315168325,1.0,0.14149386372079256,0.0,0.09939159213462648
1,1.0,0.27221402849874565,0.0,0.12439244945183231,1.0,0.11554606441897342,0.0,0.11554606441897342
1,1.0,0.2589024292047013,0.0,0.08790386552165695,1.0,0.05366700308597469,0.0,0.0495871828758197
1,1.0,0.24170228582664527,0.0,0.10861126242224876,1.0,0.11051055276486314,0.0,0.07751855667465184
1,1.0,0.31483616900624745,0.0,0.21865349683921118,1.0,0.1388420650818796,0.0,0.1388420650818796
1,1.0,0.1413141439584439,0.0,0.006944769583634542,1.0,0.008245766269248965,0.0,0.002715615169608811
1,1.0,0.28626627048543446,0.0,0.18991820917446148,1.0,0.18999298741981907,0.0,0.18160118238197098
1,1.0,0.29490172661631253,0.0,0.1729275953033916,1.0,0.17646131418135763,0.0,0.15253695485182103
1,1.0,0.285230171529794,0.0,0.160813388420932,1.0,0.1650617923543492,0.0,0.163625895944981
1,1.0,0.3221952114706416,0.0,0.25066916182704574,1.0,0.10880121911249009,0.0,0.10880121911249009
1,1.0,0.3791258691832289,0.0,0.20849083147722305,1.0,0.21259657859441078,0.0,0.207530295145645
1,1.0,0.266043498818041,0.0,0.1787740566919036,1.0,0.1204850580242073,0.0,0.1204850580242073
1,1.0,0.2005553207731751,0.0,0.06109981691216692,1.0,0.054476958691203774,0.0,-0.05734458625198114
1,1.0,0.11429849441819745,0.0,0.05833323210628741,1.0,0.02169482979430112,0.0,-0.09208579314136163
1,1.0,0.16954125920251276,0.0,-0.029034714856906084,1.0,-0.026046883831646477,0.0,-0.13172140465025012
1,1.0,0.10635104830456543,0.0,-0.005544748803397291,1.0,-0.0034650992737688085,0.0,-0.1401050007928138
1,1.0,0.2679762146845056,0.0,0.062297662043387436,1.0,0.06739012433054162,0.0,0.020461945725959205
1,1.0,0.3580522690726726,0.0,0.25454770711416524,1.0,0.25941792035834405,0.0,0.23852153419316122
1,1.0,0.12995376310558768,0.0,-0.12188868770848768,1.0,-0.1199480697458021,0.0,-0.12363059207331102
1,1.0,0.1726639958313953,0.0,-0.05962197614803822,1.0,-0.05910138504867585,0.0,-0.07145498401518112
1,1.0,0.3495536674980617,0.0,0.20056573586704912,1.0,0.1418658755717089,0.0,0.1418658755717089
1,1.0,0.2735582489029589,0.0,0.1322364480208311,1.0,0.13618301937726704,0.0,0.09211608368616482
1,1.0,0.29227347435510187,0.0,0.16478634713343612,1.0,0.14902469586600128,0.0,0.14902469586600128
1,1.0,0.2924003997737664,0.0,0.14891543073062646,1.0,0.15193761672978873,0.0,0.12985468975933834
1,1.0,0.1204292205217972,0.0,0.04176407732124368,3.0,0.20563920023153734,1.0,0.20563920023153734
1,1.0,0.3381222541131194,0.0,0.20577994068335592,1.0,0.2093927951180218,0.0,0.15551965227983064
1,1.0,0.19109759658972839,0.0,0.10879712338311526,1.0,-0.019675331234533723,0.0,-0.019675331234533723
1,1.0,0.2875790043355644,0.0,0.07660684636922707,1.0,0.0812223624652145,0.0,0.07535952659923618
1,1.0,0.2089074494883925,0.0,0.1022204868962261,1.0,0.10434371254610067,0.0,-0.09742884600921838
1,1.0,0.3570546160406233,0.0,0.20519864077254832,1.0,0.20957881661656816,0.0,0.19055996428103614
1,1.0,0.2545911229278985,0.0,0.20290719593508624,1.0,0.20710807813394877,0.0,0.20602510804785068
1,1.0,0.13780814621559076,0.0,0.015729037188445313,1.0,0.016483702658980418,0.0,0.01032229634127907
1,1.0,0.11299612425621162,0.0,0.000881031379721652,1.0,0.0020784697432673317,0.0,-0.03207357435431483
1,1.0,0.23521015166735024,0.0,0.10696107641132535,1.0,0.1093025814458019,0.0,0.06913182681791985
1,1.0,0.23690340674617444,0.0,0.0855825977715809,1.0,0.08770382750135015,0.0,0.06842244468442946
1,1.0,0.2767556576001328,0.0,0.2155643229960919,1.0,0.07084187059516485,0.0,0.07084187059516485
1,1.0,0.34021748524478956,0.0,0.17823728886224965,1.0,0.18334548324086333,0.0,0.15158867721357855
1,1.0,0.17901360850077086,0.0,0.09192141339858721,1.0,-0.17360100780399712,0.0,-0.17360100780399712
1,1.0,0.29344881200244693,0.0,0.16038356444144322,1.0,0.06965874219524235,0.0,0.06965874219524235
1,1.0,0.30919844634505966,0.0,0.17837704180297181,1.0,0.14324019398087223,0.0,0.14324019398087223
1,1.0,0.2718691722286688,0.0,0.012817105990314357,1.0,0.015340405376331351,0.0,0.014329932454020266
1,1.0,0.24158829560800438,0.0,0.1881675694140121,1.0,0.12350114797476612,0.0,0.12350114797476612
1,1.0,0.21593758119752765,0.0,0.07854555002530236,1.0,0.0801985951355347,0.0,0.05454981502773006
1,1.0,0.323961809046176,0.0,0.24913166715132312,1.0,0.23203939765455273,0.0,0.23203939765455273
1,1.0,0.19590849800142376,0.0,0.052983319095972904,1.0,0.05330984227073987,0.0,0.029110073531490744
1,1.0,0.21804712899883358,0.0,0.08696739717340418,1.0,0.08985216569641513,0.0,-0.13608967098573002
1,1.0,0.2608462304117089,0.0,0.20740200832170572,1.0,0.08364139330437592,0.0,0.08364139330437592
1,1.0,0.24674493062403105,0.0,0.029343182065342522,1.0,0.03088356604061053,0.0,0.016619887685190907
1,1.0,0.23865169285222387,0.0,0.04686342857175729,1.0,0.04890558907372128,0.0,0.041749772790445006
1,1.0,0.1930811552260147,0.0,0.12742423647940893,1.0,0.02636604456947303,0.0,0.02636604456947303
1,1.0,0.276730577284117,0.0,0.1569986335202563,1.0,0.04200954115359426,0.0,0.04200954115359426
1,1.0,0.2356728083235609,0.0,0.036889576039997415,1.0,0.03968418075741273,0.0,0.03644797445405891
1,1.0,0.24212746020543652,0.0,0.14180333977478773,1.0,-0.08827761577445824,0.0,-0.08827761577445824
1,1.0,0.1963591528453043,0.0,0.00622557329710906,1.0,0.008088913812519145,0.0,-0.03625791492478435
1,1.0,0.19169903831341242,0.0,0.0749568969883763,1.0,0.06625989164077928,0.0,0.04492440760299751
1,1.0,0.2543624031720946,0.0,0.17023866681763838,1.0,0.07790585909484499,0.0,0.07790585909484499
1,1.0,0.32084626675825245,0.0,0.19904876897830445,1.0,0.1398166788016394,0.0,0.1398166788016394
1,1.0,0.2539294909174951,0.0,0.12577701456773085,1.0,0.05541277579711313,0.0,0.05541277579711313
1,1.0,0.24449521491774692,0.0,0.19037567536876177,1.0,0.13800823460883882,0.0,0.13647623861141264
1,1.0,0.2461711249761579,0.0,0.18421849555951803,1.0,0.12276431939331034,0.0,0.12276431939331034
1,1.0,0.2549428870303781,0.0,0.1359270299254863,1.0,0.13857702138223205,0.0,0.06897072944598116
1,1.0,0.28330690387766466,0.0,0.11690853510706242,1.0,0.11930261116526637,0.0,-0.019415502659642904
1,1.0,0.2519463990108228,0.0,0.1951517722726645,1.0,0.045544637816041324,0.0,0.045544637816041324
1,1.0,0.1913333424498021,0.0,0.023499185091714656,1.0,0.02603040779124987,0.0,-0.06914497581834315
1,1.0,0.39954010758788633,0.0,0.24698342517753827,1.0,0.237075469156926,0.0,0.237075469156926
1,1.0,0.31061741918397834,0.0,0.2188657839517346,1.0,0.18247697202294552,0.0,0.1791939154421855
1,1.0,0.22023184050988745,0.0,0.13311789780248548,1.0,0.1365839234748814,0.0,0.1073299003357054
1,1.0,0.290752918206747,0.0,0.20617759721035156,1.0,0.21007303233757857,0.0,0.15087846669303961
1,1.0,0.3500365766007894,0.0,0.21559645952548573,1.0,0.21951786324811606,0.0,0.20136213949633244
1,1.0,0.303441339745459,0.0,0.10346556767476159,1.0,0.1065303121499242,0.0,0.06192496657155343
1,1.0,0.19131032895702052,0.0,0.18993430946368992,1.0,0.0374357291457757,0.0,0.0374357291457757
1,1.0,0.16328229180301818,0.0,0.10467880785344498,1.0,0.10668627259476082,0.0,0.08210945390366924
1,1.0,0.18945819000810601,0.0,0.023428860697017443,1.0,0.024858643915075515,0.0,-0.0014430406544177884
1,1.0,0.3224036933336946,0.0,0.17570545227825982,1.0,0.1304859254103819,0.0,0.1285066663960126
1,1.0,0.19728655746794924,0.0,0.14922763800962874,1.0,0.0003743721871553804,0.0,0.0003743721871553804
1,1.0,0.3142487462795281,0.0,0.20381330253235386,1.0,0.1745305284061241,0.0,0.1745305284061241
1,1.0,0.30639409996034256,0.0,0.13512454401163523,1.0,0.1386989798416622,0.0,0.10292517686049897
1,1.0,0.32372903771048156,0.0,0.2658129044619254,1.0,0.18997528405539799,0.0,0.18997528405539799
1,1.0,0.17006930635436915,0.0,0.08129876640065986,1.0,0.06729809744269621,0.0,0.05871780987310346
1,1.0,0.209496759585315,0.0,0.16474223563826249,1.0,0.06699953362966804,0.0,0.06699953362966804
1,1.0,0.30909343880499834,0.0,0.24022865022304252,1.0,0.12201116434441701,0.0,0.12201116434441701
1,1.0,0.26425607831002057,0.0,0.13472303988940007,1.0,0.1375053561692054,0.0,0.13407516956562524
1,1.0,0.3264740287743308,0.0,0.2502280603810773,1.0,0.2148984872423806,0.0,0.2148984872423806
1,1.0,0.018202383209029185,0.0,-0.018706172884623166,3.0,0.11996315899192943,1.0,0.09202102651899823
1,1.0,0.28894225490533876,0.0,0.1215838182719895,1.0,0.1268646505683272,0.0,0.11025262998059594
1,1.0,0.28277996564138475,0.0,0.20334618780850217,1.0,0.12254429848591428,0.0,0.12254429848591428
1,1.0,0.26404287674684845,0.0,0.02971374474886846,1.0,0.03411781228067932,0.0,0.0048844446000532804
1,1.0,0.3240191910728927,0.0,0.18131146645613772,1.0,0.13999859471667664,0.0,0.13757892815476533
1,1.0,0.24413702216578076,0.0,0.15613703124952924,1.0,-0.007379533683445174,0.0,-0.007379533683445174
1,1.0,0.28293627900727786,0.0,0.19622770348361204,1.0,-0.010360493514358046,0.0,-0.010360493514358046
1,1.0,0.27611218194150927,0.0,0.16428219306012426,1.0,0.07618826203007767,0.0,0.07618826203007767
1,1.0,0.34746150327969544,0.0,0.23136355083870017,1.0,0.16035616149002593,0.0,0.16035616149002593
1,1.0,0.25325185110917087,0.0,0.14167164527437542,1.0,0.14515338012448786,0.0,0.11604581274498117
1,1.0,0.10156465548589705,0.0,0.006471268749952179,1.0,0.008544265625486509,0.0,0.007317155642639903
1,1.0,0.23309637537345523,0.0,0.05097883756112881,1.0,0.05282733556234525,0.0,0.010664125329576328
1,1.0,0.27135809944729,0.0,0.1733682957789382,1.0,0.11831985511206872,0.0,0.11831985511206872
1,1.0,0.2974928120547568,0.0,0.12339723825879184,1.0,0.12858236188192848,0.0,0.08174102330836736
1,1.0,0.27075954698723154,0.0,0.14411061380770654,1.0,0.14728737936287944,0.0,0.14012492155413475
1,1.0,0.15965835607308218,0.0,0.07863881948173305,1.0,0.05978778548565233,0.0,0.05978778548565233
1,1.0,0.11141149993945983,0.0,0.0423432217680831,1.0,0.043117022451732115,0.0,0.03521587713189572
1,1.0,0.21621287395726527,0.0,0.09452922338590983,1.0,0.09823430501365117,0.0,0.04365311576385686
1,1.0,0.23334110647149078,0.0,0.19135579278751236,1.0,0.1549663895410742,0.0,0.1549663895410742
1,1.0,0.31826985051543566,0.0,0.18574340846286966,1.0,0.1893018079201619,0.0,0.14669177408359213
1,1.0,0.20398772317821448,0.0,0.06233323823728995,1.0,0.06528282807023367,0.0,0.015806414952233273
1,1.0,0.16471848615514906,0.0,0.13979242859733298,1.0,0.12605759306371458,0.0,0.08933432264088079
1,1.0,0.10622148536265963,0.0,0.033468460462198465,1.0,-0.10652741586496076,0.0,-0.10652741586496076
1,1.0,0.3271618138972403,0.0,0.16077322962465418,1.0,0.09531411011170264,0.0,0.09531411011170264
1,1.0,0.22436783510669972,0.0,0.09463855074746412,3.0,0.12703307887011117,1.0,0.12703307887011117
1,1.0,0.23627249458997715,0.0,0.061189443460511965,1.0,0.06456053577243509,0.0,0.05206605089018854
1,1.0,0.2419752623242955,0.0,0.15285798058056124,1.0,0.15632175387564284,0.0,0.1546043745859334
1,1.0,0.36429504917532973,0.0,0.22753339364787226,1.0,0.2270639984776282,0.0,0.212607732838313
1,1.0,0.32622929001902645,0.0,0.1905583996581137,1.0,0.11946718215849807,0.0,0.11946718215849807
1,1.0,0.2583667984460337,0.0,0.12930587183926576,1.0,0.03169722265087883,0.0,0.03169722265087883
1,1.0,0.33636512469299235,0.0,0.14374939733783026,1.0,0.14669611764917143,0.0,0.13761445265786149
1,1.0,0.25860955271830116,0.0,0.20280471021574883,1.0,0.03779215412263568,0.0,0.03779215412263568
1,1.0,0.10410092022969347,0.0,-0.07280299556557102,1.0,-0.07226096831375495,0.0,-0.08792500243766112
1,1.0,0.283402832251223,0.0,0.21907043518051625,1.0,0.12871852893039215,0.0,0.12871852893039215
1,1.0,0.2264252817423642,0.0,0.01088226979572722,1.0,0.013983911530711417,0.0,0.008312902392604685
1,1.0,0.3233526158048662,0.0,0.21198355487516926,1.0,0.203258577617655,0.0,0.17557140362926052
1,1.0,0.34202191370424656,0.0,0.21621270047241833,1.0,0.18470754991867394,0.0,0.16717579260847015
1,1.0,0.3076304814842442,0.0,0.19749649455729795,1.0,0.20198012185478692,0.0,0.20028932035702837
1,1.0,0.27073694858906006,0.0,0.11153554043603948,1.0,0.11529438097175486,0.0,0.06355005515926028
1,1.0,0.2788769330071655,0.0,0.18481550302535654,1.0,0.18799737644584374,0.0,0.0670528834044715
1,1.0,0.2741536856663193,0.0,0.1457341768159769,1.0,0.14831787172674724,0.0,0.0018736316386528038
1,1.0,0.12546118709735354,0.0,-0.1404773890311051,1.0,-0.13928004184624831,0.0,-0.2253697301801479
1,1.0,0.23633773422450843,0.0,0.1101367783729637,1.0,0.09315921981753646,0.0,0.0904398406939314
1,1.0,0.3160603635797164,0.0,0.19580198407593302,1.0,0.1270226077971841,0.0,0.1270226077971841
1,1.0,0.15115853249154682,0.0,0.036474657771645665,1.0,-0.015028874643345416,0.0,-0.015028874643345416
1,1.0,0.17164232551047842,0.0,-0.003238885124550295,1.0,-0.0013217908876799007,0.0,-0.02357974240718907
1,1.0,0.30780463694684773,0.0,0.1956090702380934,1.0,0.09889664033429944,0.0,0.09889664033429944
1,1.0,0.14749806095630139,0.0,-0.017123327328834464,1.0,-0.01398941582313474,0.0,-0.19465678673809325
1,1.0,0.28648198181403234,0.0,0.19125028281648726,1.0,0.16384649916804517,0.0,0.16384649916804517
1,1.0,0.24065347018308705,0.0,0.13517360010171567,1.0,-0.05627107394756011,0.0,-0.05627107394756011
1,1.0,0.21018836994145718,0.0,0.14354936644241068,1.0,0.05035702333093809,0.0,0.05035702333093809
1,1.0,0.1695961763849755,0.0,0.0512969564764139,1.0,0.04322121104951946,0.0,0.03087459904570874
1,1.0,0.2950105135574155,0.0,0.2414231091720159,1.0,0.2283875853818685,0.0,0.16912616067822747
1,1.0,0.2871781860511956,0.0,0.12121793816881958,1.0,-0.03611351768863409,0.0,-0.03611351768863409
1,1.0,0.20766793046215604,0.0,-0.03450525737530491,1.0,-0.03220970035318032,0.0,-0.046664853798372916
1,1.0,0.24880237606598493,0.0,0.2016890596342088,1.0,0.07145190424236544,0.0,0.07145190424236544
1,1.0,0.25819491528436117,0.0,0.17971627923126351,1.0,0.13446523337428906,0.0,0.13446523337428906
1,1.0,0.3421025205952242,0.0,0.18344049219393477,1.0,0.12939457312982916,0.0,0.12939457312982916
1,0.0,-0.011188809675467468,2.0,-0.039496928819549026,2.0,-0.12661039475849553,2.0,-0.12661039475849553
1,1.0,0.2488881158812559,0.0,0.10250930563862393,1.0,0.10454421244394489,0.0,0.05032290278180666
1,1.0,0.21137748059747663,0.0,0.004126978600184625,1.0,0.006250769589778728,0.0,-0.048699533957479134
1,1.0,0.13334581418760483,0.0,-0.0468246904837294,1.0,-0.0450894820952081,0.0,-0.057475348023272796
1,1.0,0.2770104885099079,0.0,0.1439455030794794,1.0,0.1476414180383403,0.0,0.11311929103884959
1,1.0,0.26034691606102756,0.0,0.13981279889152828,1.0,0.1426772327933852,0.0,0.10374095625218688
1,1.0,0.3435710537786628,0.0,0.20405841244667894,1.0,0.1589267589718126,0.0,0.1589267589718126
1,1.0,0.2987910100192067,0.0,0.16264344763622476,1.0,0.16550320478011024,0.0,0.15534291797791197
1,1.0,0.2546020771347123,0.0,0.11821223145798214,1.0,0.1214505041072825,0.0,0.10399374134474619
1,1.0,0.3337561255236963,0.0,0.10796071829903116,1.0,0.11306580079733558,0.0,0.10282528660109316
1,1.0,0.3092028753855381,0.0,0.13790601438162967,1.0,0.1419976849135692,0.0,0.11703699350383429
1,1.0,-0.019391126645460142,0.0,-0.06191769814228311,1.0,-0.06275965273862022,0.0,-0.11644523118978627
1,1.0,0.1918259250031373,0.0,0.05849986325871264,1.0,0.06111205255213772,0.0,0.022739225828526968
1,1.0,0.3214900014673,0.0,0.1618218351814236,1.0,0.16545950760602454,0.0,0.1343417443419658
1,1.0,0.24617621856279398,0.0,0.08802337396353142,1.0,0.09048753533017619,0.0,0.05682005313293947
1,1.0,0.19709094223928128,0.0,0.14787040488945472,1.0,0.15115513529650607,0.0,0.07080557182619304
1,1.0,0.1691108365257306,0.0,0.028611057952675288,1.0,0.03135065735346339,0.0,0.006604311069575089
1,1.0,0.1816722364371379,0.0,0.10155498075126396,1.0,0.039200683843115515,0.0,0.039200683843115515
1,1.0,0.2907441415690916,0.0,0.19184450111940274,1.0,0.09397974343026995,0.0,0.09397974343026995
1,1.0,0.30843872545197054,0.0,0.21752982375488633,1.0,0.147435500369818,0.0,0.147435500369818
1,1.0,0.3270481685630694,0.0,0.20544224545798917,1.0,0.16585354788262366,0.0,0.16585354788262366
1,0.0,-0.14387927471035708,1.0,0.0360840975454523,0.0,0.03383859157887442,3.0,0.14172832134987506
1,1.0,0.157916387717609,0.0,0.013086373102718358,1.0,0.014641064765830334,0.0,-0.06084416062660217
1,1.0,0.2641783392227421,0.0,0.07963601031665023,1.0,0.08217210499583547,0.0,0.07831560363351638
1,1.0,0.23821181288179993,0.0,0.0075160663870052595,1.0,0.012901254341953099,0.0,-0.036250827994061124
1,1.0,0.27653678990790487,0.0,0.20369536618363338,1.0,0.20764833149331105,0.0,0.20185572744710464
1,1.0,0.24931201779203652,0.0,0.09848936917807855,1.0,0.10055945164877463,0.0,0.06976424489528993
1,1.0,0.19396841042620497,0.0,0.020277972257525662,1.0,0.022848937198910617,0.0,-0.027453071833742525
1,1.0,0.3470969416603914,0.0,0.21894241797981154,1.0,0.19135778501373715,0.0,0.19135778501373715
1,1.0,0.2370774536026942,0.0,0.09474692536364501,1.0,-0.02893207598431068,0.0,-0.02893207598431068
1,1.0,0.26133529471758554,0.0,0.0781880781579607,1.0,0.08056730054173906,0.0,0.048049320348395014
1,1.0,0.20793129675746605,0.0,0.03942624088357571,1.0,0.04222615842528921,0.0,0.0145294013219368
1,1.0,0.270293736508773,0.0,0.19240254379161767,1.0,-0.010500551308156147,0.0,-0.010500551308156147
1,1.0,0.23881058906801406,0.0,0.12464336411486941,1.0,0.09963886675571992,0.0,0.022392457784463946
1,1.0,0.21163772009749432,0.0,0.21084612853986615,1.0,0.07792279948277249,0.0,0.07792279948277249
1,1.0,0.26874781682745874,0.0,0.16419271503195518,1.0,0.15389034337188395,0.0,0.12638694647193108
1,1.0,0.3118107973712734,0.0,0.23099656269220484,1.0,0.1562043559051323,0.0,0.1521889740380221
1,1.0,0.25024307337751195,0.0,0.0872256233793443,1.0,0.09033341827063264,0.0,-0.01616077986791626
1,1.0,0.241403080332866,0.0,0.07863935198183737,1.0,0.08078839634490215,0.0,0.06108047413230344
1,1.0,0.38265389216746537,0.0,0.24685104061526628,1.0,0.2181835123737666,0.0,0.2167439751477846
1,1.0,0.23998068521332583,0.0,0.03658001424506463,1.0,0.03780197029226589,0.0,0.030130384507625913
1,1.0,0.15395003349370848,0.0,0.02110847791328933,1.0,0.023138021783018495,0.0,-0.058830938188389366
1,1.0,0.21126419274892425,0.0,0.07130552552723751,1.0,0.07318698108801057,0.0,-0.0978390985734076
1,1.0,0.0779770427104811,0.0,0.0183642692596313,1.0,0.013012182415419456,0.0,-0.010479473499192375
1,1.0,0.11264876816934587,0.0,0.06733243637921729,3.0,0.21197741828781672,1.0,0.21197741828781672
1,1.0,0.30516257688662723,0.0,0.20394979692067702,1.0,0.10728068076671589,0.0,0.10728068076671589
1,1.0,0.3471808689949387,0.0,0.23738037844841373,1.0,0.2325632888594349,0.0,0.2292070030485255
1,1.0,0.3065840641807579,0.0,0.18458575973964303,1.0,0.05959076091559593,0.0,0.05959076091559593
1,1.0,0.17249655195555655,0.0,0.15813996732515992,1.0,0.01923188450690556,0.0,0.01923188450690556
1,1.0,0.15903935507654268,0.0,-0.10825408178724698,1.0,-0.10559004007633324,0.0,-0.15243375368450307
1,1.0,0.22711449227583919,0.0,0.15146852019971202,1.0,0.08917961158743433,0.0,0.06607411203673468
1,1.0,0.2037058251768769,0.0,0.1732920015993068,1.0,0.11299383094474785,0.0,-0.02766019725506255
1,1.0,0.22424731272675835,0.0,0.11756043811044166,1.0,0.05828374285015016,0.0,0.041016083963776984
1,1.0,0.29086134989143453,0.0,0.1853974503583558,1.0,0.08161711154289351,0.0,0.08161711154289351
1,1.0,0.1931002669152927,0.0,0.14977613133098064,1.0,0.05802169465954747,0.0,-0.013410631521681005
1,1.0,0.24070647531338063,0.0,0.08830735960576852,1.0,0.08793923365524463,0.0,0.04595466982665532
1,1.0,0.1240832236893832,0.0,0.010544768484878437,1.0,0.012959944219680034,0.0,-0.04053082427519676
1,1.0,0.3313676939082988,0.0,0.237085303798338,1.0,0.14906866088161466,0.0,0.14906866088161466
1,1.0,0.35593260464820026,0.0,0.19529674787881546,1.0,0.20001905109814172,0.0,0.1930093504822263
1,1.0,0.30780113342329557,0.0,0.17331077712698312,1.0,0.1765401388857698,0.0,0.16536725155292498
1,1.0,0.1942301273942291,0.0,-0.032433969662926436,1.0,-0.03280864041523297,0.0,-0.06297448738207713
1,1.0,0.18020571011719277,0.0,0.035702941902505884,1.0,0.03668993804047453,0.0,0.014148808470980585
1,1.0,0.23106406647641314,0.0,0.1483444504012278,1.0,0.05763577183264742,0.0,0.05763577183264742
1,1.0,0.20378738954025907,0.0,0.015123390274963297,1.0,-0.0034403481089129214,0.0,-0.05794406830949009
1,1.0,0.02805667802960333,0.0,-0.011058665922271215,1.0,-0.010958632129471062,0.0,-0.05670821531895905
1,1.0,0.30931221442075074,0.0,0.20995865923167792,1.0,0.13882908497444588,0.0,0.13882908497444588
1,1.0,0.23622451382595297,0.0,0.03685944104050095,1.0,0.04085717965042277,0.0,0.035383630884656736
1,1.0,0.3761563344692419,0.0,0.24973703751833526,1.0,0.22997115800853893,0.0,0.22922781516249582
1,1.0,0.16326665537523308,0.0,0.0765975781142107,1.0,0.0799836988181448,0.0,0.05256593694694329
1,1.0,0.31842748163266493,0.0,0.24055305286588607,1.0,0.17330426235818533,0.0,0.16303495051879205
1,1.0,0.25016377566928577,0.0,0.15118576740293407,1.0,0.02458139590696752,0.0,0.02458139590696752
1,1.0,0.2438727699147978,0.0,0.11955010979474916,1.0,0.05126856716403998,0.0,0.05126856716403998
1,1.0,0.22303735060332186,0.0,0.0884509337205533,1.0,0.09122296497967194,0.0,0.05462583785060838
1,1.0,0.28217009338058463,0.0,0.2137411459343647,1.0,0.09399363073486058,0.0,0.09399363073486058
1,1.0,0.22192709569884295,0.0,0.11738554243958398,1.0,0.11965360131778975,0.0,0.10150661566094858
1,1.0,0.19730693517099307,0.0,0.10280146036691866,1.0,0.10555674612714795,0.0,0.09027073096858568
1,1.0,0.26132526103929465,0.0,0.1516964937501393,1.0,0.11845103871358113,0.0,0.11845103871358113
1,1.0,0.2734336929301346,0.0,0.06450845782894368,1.0,0.06719917779140781,0.0,0.05681409002021455
1,1.0,0.26784130196955874,0.0,0.054656490582265724,1.0,0.05777618195139445,0.0,0.01017467906707425
1,1.0,0.26027984681216176,0.0,0.10958093942756117,1.0,0.1125895054360239,0.0,0.05795564982931884
1,1.0,0.2299678078444422,0.0,0.05912524317856395,1.0,0.060585437703175274,0.0,0.009781836496377632
1,1.0,0.2717063203035117,0.0,0.19040337784410663,1.0,0.12258883421093585,0.0,0.12258883421093585
1,1.0,0.22787731204291614,0.0,0.07999222613165237,1.0,0.08464375919761656,0.0,0.04129036069399932
1,1.0,0.2612863078652855,0.0,0.18802583374092754,1.0,0.17660373238940838,0.0,0.1286657034377848
1,1.0,0.2594378929063079,0.0,0.1069470200155776,1.0,0.11129965643339546,0.0,0.06278675625061306
1,1.0,0.27674996006081637,0.0,0.15262871131999872,1.0,0.15647537361709246,0.0,0.11312981155860226
1,1.0,0.20105251698409457,0.0,0.13005926659716815,1.0,0.024021521817130097,0.0,0.024021521817130097
1,1.0,0.1749441043116353,0.0,0.11386333199929344,1.0,-0.0007639672055323299,0.0,-0.0007639672055323299
1,1.0,0.20978600340290413,0.0,0.10966349821859064,1.0,0.029583803610343587,0.0,0.029583803610343587
1,1.0,0.23727327585250957,0.0,0.006536832850327801,1.0,0.010392773481846954,0.0,-0.05861061825043805
1,1.0,0.353030847613872,0.0,0.1635966093533644,1.0,0.16719222270721518,0.0,0.15261469841734787
1,1.0,0.1677578384221098,0.0,0.1195332344010381,1.0,-0.004682916886292279,0.0,-0.004682916886292279
1,1.0,0.2302966434276947,0.0,0.1667157590867818,1.0,0.12585296628884962,0.0,0.12585296628884962
1,1.0,0.19433940576778702,0.0,0.0015945417168684254,1.0,0.005198965138056948,0.0,-0.0598276489230714
1,1.0,0.15640929128236494,0.0,0.10764741438913056,1.0,0.11084115572287705,0.0,0.08795607216632503
1,1.0,0.3038246722697778,0.0,0.1843436479454075,1.0,0.16268174534859892,0.0,0.16268174534859892
1,1.0,0.34080827783728446,0.0,0.21641973141452442,1.0,0.22030807895857427,0.0,0.19327270413112524
1,1.0,0.27869046307379786,0.0,0.12728345689616052,1.0,0.13036284681083452,0.0,0.12501822479725253
1,1.0,0.24594889458345298,0.0,0.17733248354976333,1.0,0.03303272049527665,0.0,0.03303272049527665
1,1.0,0.31990955263386217,0.0,0.14656854298172367,1.0,0.15066208068737488,0.0,0.10231418707447967
1,1.0,0.3342682015294881,0.0,0.1773812743621106,1.0,0.1822910839648173,0.0,0.17783050912760978
1,1.0,0.32136649263591144,0.0,0.16338786720653353,1.0,0.16671683526174297,0.0,0.12953972366660457
1,1.0,0.2597149606939892,0.0,0.12159498827733138,1.0,0.09458961496285671,0.0,0.09456669133326484
1,1.0,0.07768974813877906,0.0,-0.019740464387718436,1.0,-0.019022919169316088,0.0,-0.06827276663473719
1,1.0,0.22188248859314164,0.0,0.1532301645505795,1.0,0.1559174642545481,0.0,0.15140690400685122
1,1.0,0.29761104638893743,0.0,0.15157713046203894,1.0,0.1553484084850371,0.0,0.14382443679524282
1,1.0,0.29570993578597643,0.0,0.23676937044843355,1.0,0.07264357318710493,0.0,0.07264357318710493
1,1.0,0.24971549529699658,0.0,0.07789482175498211,1.0,0.07990392250209633,0.0,0.006549702177778741
1,1.0,0.21985134750607233,0.0,0.1435609963248856,1.0,0.1464487185869425,0.0,0.13774525046805744
1,1.0,0.19794555210733314,0.0,0.10742069326451396,1.0,0.04137714963385919,0.0,0.04137714963385919
1,1.0,0.18086712642899785,0.0,-0.005428677168088498,1.0,-0.0023197056097659877,0.0,-0.01672603505492749
1,1.0,0.3094686890653126,0.0,0.11985961653298584,1.0,0.1242289984405972,0.0,0.12011901093107065
1,1.0,0.24346587558967492,0.0,0.06691280928664806,1.0,0.06970388057512951,0.0,0.04660582341140465
1,1.0,0.18342932799104977,0.0,0.022002469312718657,1.0,0.004473877926528987,0.0,-0.004054373232340808
1,1.0,0.19830515493215783,0.0,0.10981074653389543,1.0,0.10952676720030703,0.0,0.054228065129071815
1,1.0,0.1948416115968085,0.0,0.0972475603731203,1.0,0.045150942021465176,0.0,0.045150942021465176
1,1.0,0.2583203674033625,0.0,0.12013272197393919,1.0,0.06459096331543791,0.0,0.06459096331543791
1,1.0,0.33520047516886353,0.0,0.25773543775956004,1.0,0.07267136948844756,0.0,0.07267136948844756
1,1.0,0.22076136654954945,0.0,0.046357322439246215,1.0,0.05037422681831044,0.0,0.013919070708957988
1,1.0,0.13392770437967116,0.0,0.022946785249817157,1.0,-0.12171733137292524,0.0,-0.12171733137292524
1,1.0,0.2661280240729502,0.0,0.10479472728711023,1.0,0.1073464644370076,0.0,0.09614742100392869
1,1.0,0.2432683263925107,0.0,0.06849913414536764,1.0,0.07048430815912764,0.0,0.03559996770755018
1,1.0,0.31623732142789374,0.0,0.13861391577306675,1.0,0.05304701912574266,0.0,0.05304701912574266
1,1.0,0.26332233505853836,0.0,0.1412050500390602,1.0,0.09726023774463094,0.0,0.03786578882800766
1,1.0,0.22413608547910285,0.0,0.08561926349511496,1.0,0.06982055799873114,0.0,0.06982055799873114
1,1.0,0.2128434154612392,0.0,0.18019061477877601,1.0,0.05663335338474943,0.0,0.05663335338474943
1,1.0,0.35401608923931854,0.0,0.23704898203281866,1.0,0.2417974264085815,0.0,0.21832323989662356
1,1.0,0.3246990668895924,0.0,0.24178027384707512,1.0,0.18224992088344985,0.0,0.18224992088344985
1,1.0,0.2587280496083447,0.0,0.19881636046304454,1.0,0.05488995690180453,0.0,0.05488995690180453
1,1.0,0.2609045008751863,0.0,0.11012740821893562,1.0,0.09690166821565664,0.0,0.07846878152895456
1,1.0,0.2582205102170991,0.0,0.07381254118353367,1.0,0.07155693882751699,0.0,0.0356478701075185
1,1.0,0.15323562403247284,0.0,0.041728050313903954,1.0,-0.014165043453307512,0.0,-0.02050300645993449
1,1.0,0.050178064880704906,0.0,-0.14031165889398978,1.0,-0.13894686509824916,0.0,-0.15136829217315798
1,1.0,0.29005997177943965,0.0,0.16959476159488746,1.0,0.17491976742575568,0.0,0.14748370023223856
1,1.0,0.21217118596350606,0.0,0.15138120063876725,1.0,0.10197181199908048,0.0,0.10197181199908048
1,1.0,0.28337496506684956,0.0,0.14015557681116175,1.0,0.1442925651438593,0.0,0.1225156059801593
1,1.0,0.30260402774761735,0.0,0.12329081721631822,1.0,0.12604454239057317,0.0,0.09948417217850743
1,1.0,0.2670401199530397,0.0,0.14449058645847168,1.0,0.14751205663549782,0.0,0.07456277816474303
1,1.0,0.31101892897245464,0.0,0.235362532450271,1.0,0.08964104113284184,0.0,0.08964104113284184
1,1.0,0.1220944871966038,0.0,-0.053416902592907635,1.0,-0.052269505729968566,0.0,-0.10853286010189057
1,1.0,0.2857645791281025,0.0,0.13013428393010518,1.0,0.1342037561714805,0.0,0.1307391202974338
1,1.0,0.12412743244362084,0.0,-0.0008407188926121315,1.0,0.002042899325039072,0.0,-0.1007685500379261
1,1.0,0.12667777172261355,0.0,0.02756186730010999,1.0,0.016723796481548647,0.0,0.016723796481548647
1,1.0,0.23617755788841333,0.0,0.11167079293081969,1.0,0.058316675868459025,0.0,0.04361707182066829
1,1.0,0.2183322286213984,0.0,0.19273304786418494,1.0,0.062253015552685434,0.0,0.062253015552685434
1,1.0,0.32894944425750633,0.0,0.18761084173668238,1.0,0.191391257276942,0.0,0.17403433231427412
1,1.0,0.2944622180383589,0.0,0.16946792659661217,1.0,0.14887450736339525,0.0,0.14621008216120218
1,1.0,0.28074221354999707,0.0,0.2297506133060441,1.0,0.15740552753547213,0.0,0.15740552753547213
1,1.0,0.04999207412474982,0.0,-0.014449989545728627,1.0,-0.014637332619006979,0.0,-0.021357520462634092
1,1.0,0.18497880816700019,0.0,0.10979242719540382,1.0,0.03094797298860315,0.0,-0.03812981783598864
1,1.0,0.34086431676802925,0.0,0.20605320506997415,1.0,0.15529643512057245,0.0,0.15529643512057245
1,1.0,0.14419726581637402,0.0,0.06392594460160647,1.0,0.03365785203807523,0.0,0.03365785203807523
1,1.0,0.3377635454116114,0.0,0.14965192103136293,1.0,0.15435559590323855,0.0,0.11331107946452207
1,1.0,0.27763607449197747,0.0,0.20444646266372832,1.0,0.14949785858161627,0.0,0.14949785858161627
1,1.0,0.15128068993723665,0.0,-0.0465339162511747,1.0,-0.044202884829131144,0.0,-0.05684646630148591
1,1.0,0.2217366391920459,0.0,0.07990013795078037,1.0,-0.019685737457279095,0.0,-0.019685737457279095
1,1.0,0.011652465336485309,0.0,-0.06776224290875978,1.0,-0.0673005154358281,0.0,-0.09697397789191937
1,1.0,0.35323488156602584,0.0,0.274243395231104,1.0,0.21479910634365257,0.0,0.21479910634365257
1,1.0,0.2949206079861041,0.0,0.15368650964896347,1.0,0.1567116455827094,0.0,0.13940115709231965
1,1.0,0.24816025360546556,0.0,0.13847204675000474,1.0,0.13518883403221693,0.0,0.12491527536808578
1,1.0,0.2169241521606913,0.0,0.09015795227898044,1.0,0.09305385082458291,0.0,0.04451323021896652
1,1.0,0.2921577824222555,0.0,0.12577972498883025,1.0,0.12902023441257376,0.0,0.10129692371169939
1,1.0,0.27871946306535006,0.0,0.07571971472463884,1.0,0.07878633857286055,0.0,0.06392475897445735
1,1.0,0.13549486958419235,0.0,0.0795689120942309,1.0,0.0007825850400533689,0.0,0.0007825850400533689
1,1.0,0.18458629910293547,0.0,0.029522592991348514,1.0,0.013884577634385113,0.0,-0.01552944250394322
1,1.0,0.3420934151359862,0.0,0.20099068724940053,1.0,0.1887419239920723,0.0,0.1839423069583804
1,1.0,0.19685576049661926,0.0,0.1286640663216377,1.0,0.13115211448739209,0.0,0.12824063793209212
1,1.0,0.3083468924501185,0.0,0.21614853880675636,1.0,0.15204590179649413,0.0,0.15204590179649413
1,1.0,0.07836270311268145,0.0,-0.10434023180150823,1.0,-0.10454532583126458,0.0,-0.12793327258729645
1,1.0,0.34447503141912744,0.0,0.18682008528728045,1.0,0.19005300766314254,0.0,0.17467733765665514
1,1.0,0.19453131567682738,0.0,0.01603708378259607,1.0,0.016824432967008293,0.0,-0.023641035496355947
1,1.0,0.18410999626231683,0.0,0.016215400095127612,1.0,0.020032129622956356,0.0,-0.023008019536560568
1,1.0,0.2968697661059637,0.0,0.06752527199239146,1.0,0.07030927424603751,0.0,0.032067188677322896
1,1.0,0.07647538434373932,0.0,-0.08528225243126206,1.0,-0.08610680646553194,0.0,-0.11050989152082953
1,1.0,0.3634838416212044,0.0,0.20191511757609978,1.0,0.20559883360994766,0.0,0.18971417145680008
1,1.0,0.2863982834511059,0.0,0.15421648951544964,1.0,0.11997382784386265,0.0,0.11997382784386265
1,0.0,0.012828099775619209,1.0,0.1899406249621306,0.0,0.18911978507663355,4.0,0.18233038706074542
1,1.0,0.07434927999114947,0.0,0.03056193899875344,1.0,0.00625554611911235,0.0,0.00625554611911235
1,1.0,0.24364372610166068,0.0,0.13406346394075233,1.0,0.06585182726936775,0.0,0.06585182726936775
1,1.0,0.2555880322018296,0.0,0.12831651912802447,1.0,0.0375869319023532,0.0,0.0375869319023532
1,1.0,0.25610059725576684,0.0,0.07232062518759101,1.0,0.07673843953804321,0.0,0.0694414585448933
1,1.0,0.18144559240656427,0.0,-0.010165968415096916,1.0,-0.009020355200137501,0.0,-0.06752045907194332
1,1.0,0.1261035178059116,0.0,0.09892505804043003,1.0,0.10109094974915596,0.0,0.09153900803673909
1,1.0,0.12802482710937704,0.0,0.0011630756361276655,1.0,-0.06494962990130304,0.0,-0.06494962990130304
1,1.0,0.25876365955376207,0.0,0.14036347739268956,1.0,0.14305796166498527,0.0,0.0243113008558473
1,1.0,0.2220145317859085,0.0,0.156275521630081,1.0,0.008825903224814514,0.0,0.008825903224814514
1,1.0,0.16399416490081678,0.0,-0.024401798952371306,1.0,-0.020092113860118953,0.0,-0.02985858384299827
1,1.0,0.1213775737835784,0.0,0.0137532035147983,1.0,0.01436880753012665,0.0,-0.015830345184685554
1,1.0,0.11614784043978978,0.0,0.08840934373495687,1.0,0.09004036250582366,0.0,-0.09433821110944768
1,1.0,0.2693594147151265,0.0,0.19247914331201388,1.0,0.13048040428389368,0.0,0.13048040428389368
1,1.0,0.26185807855830856,0.0,0.07688413137009345,1.0,0.0799832861169995,0.0,0.016794469575511613
1,1.0,0.29432696618638116,0.0,0.13696148615004602,1.0,0.14165977672850558,0.0,0.11040712000342244
1,1.0,0.21344561748240834,0.0,0.1637742596323245,1.0,0.006966316095242915,0.0,0.006966316095242915
1,1.0,0.3348154633800679,0.0,0.2176579698183263,1.0,0.1586599962960927,0.0,0.1586599962960927
1,1.0,0.19797875585057986,0.0,0.028374974665831363,1.0,0.029177755618059496,0.0,0.013794467564007687
1,1.0,0.3288503309172235,0.0,0.2539074444412732,1.0,0.1848466270432717,0.0,0.1848466270432717
1,1.0,0.2485499504698382,0.0,0.10529150172196529,1.0,0.08969676998499727,0.0,0.04368964321222784
1,1.0,0.30846222780135124,0.0,0.22894406070192627,1.0,0.147387507029066,0.0,0.147387507029066
1,1.0,0.23528318709431534,0.0,0.10688526544968202,1.0,0.10897772924664507,0.0,-0.002377274087363911
1,1.0,0.2093572117320171,0.0,0.07500129045036613,1.0,0.07840103159024119,0.0,0.05502441567737084
1,1.0,0.23964019983415785,0.0,0.08099502570032936,1.0,0.08294330506070306,0.0,0.08116497253359087
1,1.0,0.1965949107394592,0.0,0.17843294754440983,1.0,0.03186740790740804,0.0,0.03186740790740804
1,1.0,0.26881981888281115,0.0,0.13156606280744362,1.0,0.13612435241246607,0.0,0.12066544203824359
1,1.0,0.3303426809859384,0.0,0.20923907760729799,1.0,0.21326063906154386,0.0,0.16291057608443996
1,1.0,0.24195894703247967,0.0,0.17047772328892227,1.0,0.14646244593802363,0.0,0.14646244593802363
1,1.0,0.25697677210377706,0.0,0.14170026070524178,1.0,0.038654710154899116,0.0,0.038654710154899116
1,1.0,0.22994986274081755,0.0,0.09175984234942304,1.0,0.09412952935078456,0.0,0.0397882256136822
1,1.0,0.2966664109530869,0.0,0.14227570926518399,1.0,0.14810205095722428,0.0,0.12761367234231333
1,1.0,0.20801899829102233,0.0,0.08478726215446093,1.0,0.04628810412533985,0.0,0.03098153191775197
1,1.0,0.3130501767139719,0.0,0.21811238353391624,1.0,0.10887885735606025,0.0,0.10887885735606025
1,1.0,0.30178238351373227,0.0,0.18623324743975855,1.0,0.18956535845095907,0.0,0.16539509053655096
1,1.0,0.16060018288622854,0.0,-0.051820820075774494,1.0,-0.051577811319604414,0.0,-0.0634615548408544
1,1.0,0.23759409117122873,0.0,0.15494250134880208,1.0,0.039330583909312634,0.0,0.039330583909312634
1,1.0,0.32699258600184233,0.0,0.16169002706250385,1.0,0.16540584634792,0.0,0.08601432057497838
1,1.0,0.16966024793063497,0.0,0.04495276995478621,1.0,0.047932621632895245,0.0,-0.06947274754951296
1,1.0,0.23820327459153115,0.0,0.04361981183396503,1.0,0.04634797334137138,0.0,-0.04675391166072612
1,1.0,0.17427119601412033,0.0,0.10283014250649664,1.0,0.10473625778810987,0.0,0.0677707092919608
1,1.0,0.2504902624015443,0.0,0.21030224474280138,1.0,0.03967091384237707,0.0,0.03967091384237707
1,1.0,0.1731175095342278,0.0,0.1536379744257033,1.0,-0.007748005218537601,0.0,-0.007748005218537601
1,1.0,0.29958017526964,0.0,0.1739604964189109,1.0,0.1479643204359273,0.0,0.1479643204359273
1,1.0,0.26527234857309884,0.0,0.03921963745957623,1.0,0.04311158772344067,0.0,-0.002887563846821793
1,1.0,0.26845983051149913,0.0,0.18641181309159116,1.0,0.12403479111712515,0.0,0.12403479111712515
1,1.0,0.27690720810414154,0.0,0.12376645335791585,1.0,0.08627711179863626,0.0,0.08627711179863626
1,1.0,0.25031796989414645,0.0,0.14291461934494692,1.0,0.14570095370647418,0.0,0.013783841078247589
1,1.0,0.25596231346788706,0.0,0.16625007096045527,1.0,0.1698232956665915,0.0,0.1295234857255645
1,1.0,0.32438292629676047,0.0,0.2259988063979687,1.0,0.2245729530627036,0.0,0.2245729530627036
1,1.0,0.28209305225242004,0.0,0.16607724799700627,1.0,0.07525865294629362,0.0,0.07525865294629362
1,1.0,0.20011553634581797,0.0,0.009331098388041878,1.0,0.01360663311295708,0.0,0.005526488790587233
1,1.0,0.20723035061622488,0.0,0.10463868527056741,1.0,0.05057746497752622,0.0,0.05057746497752622
1,1.0,0.31422266056679155,0.0,0.16165484911755562,1.0,0.1644013254581141,0.0,0.13106854456347725
1,1.0,0.2625048616309852,0.0,0.15900038276087122,1.0,0.1360692260057394,0.0,0.09170123809445753
1,1.0,0.2034150446921016,0.0,0.11877331016843881,1.0,0.12105556328149553,0.0,0.10121467644339945
1,1.0,0.26609258115026296,0.0,0.15035581951111124,1.0,0.15435684653135198,0.0,0.14001546081864594
1,1.0,0.26873383971472886,0.0,0.19488730996207201,1.0,0.12073973656111768,0.0,0.12073973656111768
1,1.0,0.25260504634756775,0.0,0.14515593737933805,1.0,0.13510939725359675,0.0,0.08911614969603836
1,1.0,0.33743187280968046,0.0,0.19615499057422442,1.0,0.20054931087198563,0.0,0.18427042783289932
1,1.0,0.2659507667527261,0.0,0.1679299965762936,1.0,0.14179444247029663,0.0,0.08438902873442868
1,1.0,0.20668867298734425,0.0,0.04585137230060649,1.0,0.0252500538768531,0.0,0.013543297516597629
1,1.0,0.3080813636699893,0.0,0.2451970499350815,1.0,0.12107932586010843,0.0,0.12107932586010843
1,1.0,0.3194547545792726,0.0,0.19532396162496046,1.0,0.1967021898450543,0.0,0.1192755586546629
1,1.0,0.3335488093199315,0.0,0.19386587074771353,1.0,0.19451871294307904,0.0,0.1475110881930548
1,1.0,0.17668620783428435,0.0,0.06780128352202051,1.0,0.07085043408984035,0.0,-0.01389609237149149
1,1.0,0.2831715101996517,0.0,0.2341956504420703,1.0,0.06877796815156052,0.0,0.06877796815156052
1,1.0,0.14174672538600008,0.0,0.024416900687108632,1.0,0.026389199784496848,0.0,-0.007491583817258339
1,1.0,0.30435171756673723,0.0,0.15436550564956772,1.0,0.15772131659947453,0.0,0.09930065757360798
1,0.0,0.11299879581094302,2.0,-0.027259792068258782,2.0,-0.027259792068258782,2.0,-0.05968766722496999
1,1.0,0.3092955956172945,0.0,0.17831503862656015,1.0,0.17773850344042294,0.0,0.16304826887128693
1,1.0,0.14899101153519614,0.0,0.07453478533159387,1.0,0.07672896056262828,0.0,-0.0013122555463007507
1,1.0,0.2247458843289711,0.0,0.035660254609614875,1.0,0.03726487794818761,0.0,-0.0075760218687661125
1,1.0,0.2702512240875134,0.0,0.09503631661811765,1.0,0.09776103609598007,0.0,0.015631185723795876
1,1.0,0.32515677582522995,0.0,0.23272217759720878,1.0,0.13364432346780777,0.0,0.13364432346780777
1,1.0,0.24487637976235666,0.0,0.14571323362292538,1.0,0.149811102559542,0.0,0.1485225080077096
1,1.0,0.2684063401932819,0.0,0.12647717928111962,1.0,0.12995283200719282,0.0,0.00699273403099116
1,1.0,0.1925229866075593,0.0,0.039983902385903165,1.0,0.04274706910445068,0.0,0.017031429403985426
1,1.0,0.24875593479249225,0.0,0.13047474926440403,1.0,0.12456379872358328,0.0,0.12456379872358328
1,1.0,0.3885716874001071,0.0,0.2528209380312438,1.0,0.1704165402915572,0.0,0.1704165402915572
1,1.0,0.11790041779544591,0.0,0.07018110446642542,1.0,0.072343850375306,0.0,-0.05854150605932983
1,1.0,0.056553919500265434,0.0,-0.12077695235090039,1.0,-0.12060020469030618,0.0,-0.1366223187791664
1,1.0,0.19383756557508056,0.0,-0.01835636194051478,1.0,-0.017897480297802373,0.0,-0.0539747247407363
1,1.0,0.25891721171254367,0.0,0.16518244968240298,1.0,0.0010256933188763898,0.0,0.0010256933188763898
1,1.0,0.29522200841581836,0.0,0.18816887727708256,1.0,0.1885380520804244,0.0,0.16928352136428332
1,1.0,0.256674786322108,0.0,0.14040272332732096,1.0,0.05464059178079677,0.0,0.05464059178079677
1,1.0,0.25574415316184923,0.0,0.2080196059565709,1.0,0.16458575944730952,0.0,0.16458575944730952
1,1.0,0.23947579326434287,0.0,0.07946320380862619,1.0,0.004383630089057001,0.0,0.004383630089057001
1,1.0,0.17048339237482632,0.0,0.01178972902716176,1.0,0.01421466617462795,0.0,-0.004886559935603379
1,1.0,0.17086408880458462,0.0,0.023407905640517368,1.0,0.024747226067185685,0.0,-0.024405157207730375
1,1.0,0.2772744256372505,0.0,0.161804137217904,1.0,0.10393588882443339,0.0,0.10393588882443339
1,1.0,0.1977194343975087,0.0,0.08531847448042473,1.0,0.031058053033946178,0.0,0.031058053033946178
1,1.0,0.24847255252919756,0.0,0.12462673829450581,1.0,0.12903724960399376,0.0,0.09756239094541286
1,1.0,0.051997662899291475,0.0,-0.05331072686811656,3.0,0.16070110497548437,1.0,0.12429832075436524
1,1.0,0.27440288358723686,0.0,0.15680098827748815,1.0,0.16078220169972862,0.0,0.07582601749361552
1,1.0,0.25864194315060823,0.0,0.14374593433646957,1.0,0.14783526917016443,0.0,0.14507692686964155
1,1.0,0.31827199644800064,0.0,0.16172320078308,1.0,0.1071130109190652,0.0,0.10389194760103813
1,1.0,0.08190224705479568,0.0,0.0027286564229742362,1.0,0.0038842451947558327,0.0,-0.01631288193792978
1,1.0,0.2499196274449166,0.0,0.16474084605847122,1.0,0.1340968678717272,0.0,0.1340968678717272
1,1.0,0.21753120792821282,0.0,0.11301317133668821,1.0,0.012097938036757627,0.0,0.012097938036757627
1,1.0,0.22223814017108579,0.0,0.1004132344411641,1.0,0.10278106314926184,0.0,0.08976814632145451
1,1.0,0.269211126546658,0.0,0.15575753765291758,1.0,0.13061253439731785,0.0,0.12729231190624365
1,1.0,0.30946958904796124,0.0,0.20757375238390102,1.0,0.18903988518838166,0.0,0.14866941618635499
1,1.0,0.10595603243312608,0.0,-0.14582936970938595,1.0,-0.14538026416915245,0.0,-0.19924502207520314
1,1.0,0.25271847487994975,0.0,0.14594179373398353,1.0,0.10449951135249154,0.0,0.10449951135249154
1,1.0,0.28209711267466503,0.0,0.18904724805791412,1.0,0.04764374734929384,0.0,0.04764374734929384
1,1.0,0.2554366194412057,0.0,0.16893624791336365,1.0,0.07237069108379712,0.0,0.07237069108379712
1,1.0,0.26475713140025037,0.0,0.15290227781272325,1.0,0.060492398449090906,0.0,0.060492398449090906
1,1.0,0.2423712040892315,0.0,0.1928044417410747,1.0,0.06972116040401247,0.0,0.06972116040401247
1,1.0,0.2289235304147433,0.0,0.048321652983624216,1.0,0.05100217909133876,0.0,0.025928534748561723
1,1.0,0.31711776293369576,0.0,0.1881056393085645,1.0,0.10962465409013589,0.0,0.10962465409013589
1,1.0,0.07118632884346981,0.0,-0.06984537565886528,1.0,-0.07021545450453008,0.0,-0.07104637974643102
1,1.0,0.2776269444694867,0.0,0.1281567096371774,1.0,0.1311987553648917,0.0,0.10521570070658474
1,1.0,0.33944193704561515,0.0,0.13124088783793575,1.0,0.13556592905614107,0.0,0.10431330617472759
1,1.0,0.17699411336841103,0.0,0.04585056585778403,1.0,0.04837725873116541,0.0,-0.01203889709355316
1,1.0,0.06881877520025391,0.0,-0.04782272089606588,1.0,-0.046934895173671075,0.0,-0.16825319733534458
1,1.0,0.2307955283165532,0.0,0.022606034383726614,1.0,0.0259134487608758,0.0,-0.03275560665770915
1,1.0,0.20194315740623475,0.0,0.16004039424677088,1.0,-0.01410265455761962,0.0,-0.01410265455761962
1,1.0,0.2272826094359089,0.0,0.07615721554044472,1.0,0.011732906853758452,0.0,0.011732906853758452
1,1.0,0.2955229606899838,0.0,0.20207170893716045,1.0,0.0904179740479165,0.0,0.0904179740479165
1,1.0,0.28211823961137555,0.0,0.17345578189503996,1.0,0.17718650013823944,0.0,0.1418912675873195
1,1.0,0.23876487035281524,0.0,0.05886358754386741,1.0,0.06112369082900701,0.0,0.03402916371523266
1,1.0,0.23802270558546895,0.0,0.07731035440624258,1.0,0.07356143677769049,0.0,0.03825101445895466
1,1.0,0.31535502007077976,0.0,0.17801050772204566,1.0,0.13296039753374256,0.0,0.13296039753374256
1,1.0,0.184718886146575,0.0,0.062212091734072904,1.0,0.022532858631619364,0.0,0.022532858631619364
1,1.0,0.28006329711542527,0.0,0.11037884875048283,1.0,0.06527669562739202,0.0,0.06527669562739202
1,1.0,0.1089134805225212,0.0,-0.026217169912376874,1.0,-0.026412374064223622,0.0,-0.04339012157591607
1,1.0,0.24012130935082776,0.0,0.06470386383444043,1.0,0.06608297879426027,0.0,0.06042550820827324
1,1.0,0.353222065489921,0.0,0.1890422075030951,1.0,0.14497288119719534,0.0,0.14497288119719534
1,1.0,0.288466928061957,0.0,0.15342338908917189,1.0,0.12434680709889898,0.0,0.10638505361021065
1,1.0,0.3345458492074259,0.0,0.17409368960263633,1.0,0.17732604478769412,0.0,0.17416149118796037
1,1.0,0.19607335787622068,0.0,0.1293224204302358,1.0,0.0882910748564964,0.0,0.0882910748564964
1,1.0,0.2657909914751422,0.0,0.028432472031584104,1.0,0.030268059139368503,0.0,-0.012043677819951146
1,1.0,0.19131238433883,0.0,-0.018554458104976853,1.0,-0.017575835437575037,0.0,-0.03874190826664301
1,1.0,0.2575889542041671,0.0,0.13987335134083148,1.0,0.11149714878244829,0.0,0.10805518570251775
1,1.0,0.2989461077409172,0.0,0.15795924791924923,1.0,0.16195706206723676,0.0,0.12521277186458055
1,1.0,0.31415710044628814,0.0,0.18220513400397295,1.0,0.11584655814251137,0.0,0.11584655814251137
1,1.0,0.3077692430931209,0.0,0.20040859721600238,1.0,0.20450552299478772,0.0,0.17467906180684467
1,1.0,0.24381458758164348,0.0,0.05039478093649831,1.0,0.05431553094377763,0.0,0.019405071395970645
1,1.0,0.30144667333445535,0.0,0.17456473398713335,1.0,0.07720645401992866,0.0,0.07720645401992866
1,1.0,0.1449952034835259,0.0,0.12408893531876401,1.0,0.12675736448633373,0.0,0.06856920846202783
1,1.0,0.25726892879902624,0.0,0.06890190692377542,1.0,0.07135123205843585,0.0,-0.011309818153258065
1,1.0,0.12525984504452348,0.0,0.12101510996358283,1.0,0.12313312098491432,0.0,0.03159764145698736
1,1.0,-0.010273605986233286,0.0,-0.02164331880761019,1.0,-0.044867518301564935,0.0,-0.044867518301564935
1,1.0,0.12257192404939213,0.0,0.022044830273757362,1.0,0.022855419288793883,0.0,0.019413674581104174
1,1.0,0.3551279608843611,0.0,0.2885926487975481,1.0,0.21954628568950138,0.0,0.21954628568950138
1,1.0,0.2672150770723765,0.0,0.12550263303993453,1.0,0.12767159335496836,0.0,0.06447126246837599
1,1.0,0.3263777962850298,0.0,0.23912413817279524,1.0,0.18546942315998005,0.0,0.18546942315998005
1,1.0,0.26090960810134467,0.0,0.14415725627675283,1.0,0.13136272014976041,0.0,0.12093189773252133
1,1.0,0.19974741733400012,0.0,0.042504076214816014,1.0,0.044837647835981265,0.0,0.028852255962495545
1,1.0,0.2509879457343319,0.0,0.12498499715068673,1.0,0.03538855192425396,0.0,0.03538855192425396
1,1.0,0.09405311755651065,0.0,-0.04076892166770622,1.0,-0.04022188555815089,0.0,-0.10705312547051887
1,1.0,0.20750600509834533,0.0,0.01630185740492115,1.0,0.01963534348391694,0.0,-0.06767560480620075
1,1.0,0.29545295753242806,0.0,0.16649702257479732,1.0,0.17122280958244382,0.0,0.10013571784951793
1,1.0,0.32200889195110133,0.0,0.23338128308783906,1.0,0.06028931787532747,0.0,0.06028931787532747
1,1.0,0.20415645526841467,0.0,0.016522237048779996,1.0,0.01815015312047686,0.0,-0.08336806640245874
1,1.0,0.32513301081360185,0.0,0.1727951721793194,1.0,0.07239267968747357,0.0,0.07239267968747357
1,1.0,0.2915951429768978,0.0,0.21253465212944495,1.0,0.18141623870012513,0.0,0.07911484183920962
1,1.0,0.35289682400485656,0.0,0.22122001678992803,1.0,0.20771366419188303,0.0,0.14279624759541246
1,1.0,0.2544671304481951,0.0,0.14619977546929075,1.0,0.020784669074950454,0.0,0.020784669074950454
1,1.0,0.3629416852470664,0.0,0.24197759570103164,1.0,0.17963134790570529,0.0,0.17963134790570529
1,1.0,0.25948229127393957,0.0,0.10066389492033215,1.0,0.01767517774301792,0.0,0.01767517774301792
1,1.0,0.2423918202633355,0.0,0.15870647218583545,1.0,0.16268415043558282,0.0,0.15721702862098508
1,1.0,0.38923746016962185,0.0,0.2593397926419122,1.0,0.26407753666673467,0.0,0.2540886792679299
1,1.0,0.21885251071185866,0.0,0.09394902204806146,1.0,0.09738817232186012,0.0,0.08157955775919143
1,1.0,0.1287732103141901,0.0,0.038691768072782434,1.0,0.019360668630837928,0.0,-0.00032223446457642216
1,1.0,0.023970946202207608,0.0,-0.08852674592774806,1.0,-0.08954644297697557,0.0,-0.14346986873411963
1,1.0,0.2374933578941773,0.0,0.07635552354868329,1.0,0.07810831576034341,0.0,-0.0573306110390618
1,1.0,0.2843970225521881,0.0,0.17142358794502577,1.0,0.17485623049375024,0.0,0.11823809271296411
1,1.0,0.3080261091041826,0.0,0.21918771825748876,1.0,0.18511208643358826,0.0,0.18511208643358826
1,1.0,0.1270633039131435,0.0,0.1095591856393332,1.0,-0.045701174620451125,0.0,-0.045701174620451125
1,1.0,0.26482738283481777,0.0,0.09823888589870064,1.0,0.10212753919068998,0.0,0.022643467139249515
1,1.0,0.30991713783414,0.0,0.20783059695517753,1.0,0.13944607422917893,0.0,0.13944607422917893
1,1.0,0.2636286140241887,0.0,0.08341311619751805,1.0,0.08577470848467304,0.0,0.05813437461057025
1,1.0,0.031063738776602033,0.0,-0.09721750698026192,1.0,-0.09628361424464514,0.0,-0.09900276541900302
1,1.0,0.34926679586521364,0.0,0.20241102470646405,1.0,0.15891050283805583,0.0,0.15891050283805583
1,1.0,0.2712958488130582,0.0,0.1912704698893811,1.0,0.08521861078937559,0.0,0.08521861078937559
1,1.0,0.28967986212057456,0.0,0.13015106023239795,1.0,0.06652056264720976,0.0,0.06652056264720976
1,1.0,0.170828042492901,0.0,0.07012782227975865,1.0,0.07466772894417563,0.0,0.06598231411629822
1,1.0,0.27399686423730696,0.0,0.12150115005345728,1.0,0.11755003145067629,0.0,0.10228814473628273
1,1.0,0.07939386069860264,0.0,0.033180839470565986,1.0,0.035570832996091165,0.0,0.018610657776918976
1,1.0,0.32081261786941057,0.0,0.19638304653293862,1.0,0.13426125580900547,0.0,0.13426125580900547
1,1.0,0.2739415729709594,0.0,0.17923260438117436,1.0,0.028013302584619416,0.0,0.028013302584619416
1,1.0,0.33098795552408855,0.0,0.24616090294203136,1.0,0.17524552859729634,0.0,0.17524552859729634
1,1.0,0.2948478366380858,0.0,0.19508195347615964,1.0,0.19907914507834706,0.0,0.1460492432206656
1,1.0,0.28472823819756393,0.0,0.15385335611044423,1.0,0.08735415789483388,0.0,0.08735415789483388
1,1.0,0.2529508030410143,0.0,0.1545783269998681,1.0,0.1572925639770106,0.0,0.15534876962626615
1,1.0,0.3213792427088423,0.0,0.19211720083964784,1.0,0.19544318936031926,0.0,0.17642759888773107
1,1.0,0.15266569895841034,0.0,-0.0330687085353613,1.0,-0.031813449180684544,0.0,-0.0639833020449116
1,1.0,0.2554227042598483,0.0,0.16541785451780028,1.0,-0.006768526930299565,0.0,-0.006768526930299565
1,1.0,0.14666382446831636,0.0,0.034256372831501056,1.0,0.036072066771575116,0.0,-0.0614720602504307
1,1.0,0.18067118117948155,0.0,0.037983611005241134,1.0,0.041197085538214384,0.0,-0.04311809996744084
1,1.0,0.35381392361038744,0.0,0.20185037397137934,1.0,0.2057403365029108,0.0,0.19552710507600057
1,1.0,0.3340364322738388,0.0,0.22593583791257987,1.0,0.19260340082588465,0.0,0.19260340082588465
1,1.0,0.21416243342829372,0.0,0.11978332651420755,1.0,0.12367541448004508,0.0,0.07184837276807124
1,1.0,0.11006137872648573,0.0,0.010192400548520887,1.0,0.011320697706481284,0.0,-0.03272998035855018
1,1.0,0.23369212954436003,0.0,0.0835617978155662,1.0,-0.009287855185290354,0.0,-0.009287855185290354
1,0.0,0.01884962648218945,2.0,0.017232366939912612,2.0,0.017232366939912612,2.0,-0.05044863819037289
1,1.0,0.007571775955937555,0.0,-0.01901166245776441,3.0,0.10955931467321463,1.0,0.0653448947959264
1,1.0,0.24759124719524372,0.0,0.13874866791231577,1.0,0.14176137479803425,0.0,0.08739062672308777
1,1.0,0.27883705521132707,0.0,0.02705633814765593,1.0,0.029559292371890866,0.0,-0.03586156299343947
1,1.0,0.15712775597445902,0.0,0.08723655972900585,1.0,-0.029752388500902553,0.0,-0.029752388500902553
1,1.0,0.2891319110511568,0.0,0.14254051662088033,1.0,0.06494038829075285,0.0,0.06494038829075285
1,1.0,0.1784664789013135,0.0,0.139385165693586,1.0,0.05449087827224682,0.0,0.05172345558915753
1,1.0,0.15156058389568244,0.0,-0.02513392121659623,1.0,-0.024905923731072,0.0,-0.14898855085853338
1,1.0,0.12598207353879928,0.0,-0.11045648845159065,1.0,-0.10904641587380375,0.0,-0.15493805526001905
1,1.0,0.20103517231851106,0.0,0.12221323913060436,1.0,-0.05161607890327486,0.0,-0.05161607890327486
1,1.0,0.25352790813642617,0.0,0.12538962172467644,1.0,0.08408760896467597,0.0,0.08408760896467597
1,1.0,0.19523529368426193,0.0,0.00055391152103911,1.0,0.003085977544385024,0.0,-0.11100119978169384
1,1.0,0.21395322163359018,0.0,0.0558346681141951,1.0,0.057386774031449574,0.0,0.005069290196226869
1,1.0,0.32129905848681733,0.0,0.19392266391174584,1.0,0.16009196598430792,0.0,0.16009196598430792
1,1.0,0.30957755136314624,0.0,0.2135364427400934,1.0,0.1589475020214091,0.0,0.1589475020214091
1,1.0,0.22837245773808415,0.0,0.09312603520214117,1.0,0.09689988197558501,0.0,0.09501004152727066
1,1.0,0.23197323970511927,0.0,0.10796506191108664,1.0,0.11186383362209808,0.0,0.09867129289168175
1,1.0,0.32181958529936927,0.0,0.19058281930150311,1.0,0.19069951995157186,0.0,0.134628611380839
1,1.0,0.2799200014482068,0.0,0.13307653538530512,1.0,0.13572861814794693,0.0,0.12648490074049656
1,1.0,0.23250833329784126,0.0,0.06160057953079651,1.0,0.06509013801253392,0.0,0.003156868741769577
1,1.0,0.26238495155655095,0.0,0.1973529286583864,1.0,0.1643315677997228,0.0,0.1643315677997228
1,1.0,0.26948288347469335,0.0,0.18318213464381486,1.0,0.1589601169371764,0.0,0.1589601169371764
1,1.0,0.3053429883111562,0.0,0.14498277535683,1.0,0.1477347206821109,0.0,0.11351727901316283
1,1.0,0.3747052534945608,0.0,0.24435463438428123,1.0,0.24797803956637082,0.0,0.24317396064796704
1,1.0,0.18237473025001205,0.0,0.040287163884313346,1.0,0.02883791447279002,0.0,0.02755942568911869
1,1.0,0.3067117744096946,0.0,0.25727620406969304,1.0,0.0357904798087988,0.0,0.0357904798087988
1,1.0,0.3309372388411819,0.0,0.24580768744283257,1.0,0.23999729427629343,0.0,0.23999729427629343
1,1.0,0.3113435122459863,0.0,0.23773787769113447,1.0,0.2124344636973249,0.0,0.2124344636973249
1,1.0,0.31999933400142216,0.0,0.1873093057289157,1.0,0.11104840933638621,0.0,0.11104840933638621
1,1.0,0.3387308987635813,0.0,0.24702841897935884,1.0,0.24616379701318655,0.0,0.23931839821008932
1,1.0,0.3108166223391713,0.0,0.16906824770627704,1.0,0.04109596098627933,0.0,0.04109596098627933
1,1.0,0.07378620357691733,0.0,-0.0059791356275924875,1.0,-0.003539613249167288,0.0,-0.030335742779514195
1,1.0,0.16495894706382408,0.0,0.11663368875380366,1.0,0.1190410679027992,0.0,0.10432060921526486
1,1.0,0.32299172595995423,0.0,0.22602814494860546,1.0,0.05385733645954435,0.0,0.05385733645954435
1,1.0,0.21641328576170146,0.0,0.10011066909310505,1.0,0.036143040242063176,0.0,0.036143040242063176
1,1.0,0.3210883296972011,0.0,0.1629064994309737,1.0,0.14090371087751455,0.0,0.14090371087751455
1,1.0,0.24107071820364936,0.0,0.18282505531235752,1.0,0.16130702039091133,0.0,0.13662401636601076
1,1.0,0.23832309576099017,0.0,0.057418408253010755,1.0,0.05941828521299323,0.0,0.03369111295683138
1,1.0,0.25327032231654323,0.0,0.044518772493584324,1.0,0.04856780073442197,0.0,-0.02636636532940754
1,1.0,0.16362694364805608,0.0,0.1397333604397963,1.0,0.12467237642310976,0.0,0.09367239274397723
1,1.0,0.17347966288114267,0.0,0.07372540676902502,1.0,0.03941100511548826,0.0,0.03941100511548826
1,1.0,0.29180289005162435,0.0,0.08558979979064153,1.0,0.09030877237198157,0.0,0.08485276969174216
1,1.0,0.22742072664320523,0.0,0.08286266644344394,1.0,0.08635983828014535,0.0,0.03326930924477062
1,1.0,0.206729663723856,0.0,0.1565616113723836,1.0,0.03280794157479217,0.0,0.03280794157479217
1,1.0,0.300933517251133,0.0,0.19750938684568406,1.0,0.08409394848588334,0.0,0.06141291999241419
1,1.0,0.18396826425687754,0.0,0.08175571529332024,1.0,0.0843876798159809,0.0,-0.06044431469078213
1,1.0,0.28943194284556284,0.0,0.0685030930134801,1.0,0.07245078928017544,0.0,0.04666672928008383
1,1.0,0.1688300771914629,0.0,-0.018503732226361896,1.0,-0.015465157118129617,0.0,-0.09130731200583195
1,1.0,0.07628077070699092,0.0,-0.01590302343697746,1.0,-0.014992018442703637,0.0,-0.04544111082526639
1,1.0,0.22277150659079112,0.0,0.14277045225692425,1.0,0.14607609383856657,0.0,0.13154307930423714
1,1.0,0.18347814498514592,0.0,0.07471205992269161,1.0,0.07652985071985595,0.0,-0.004172965100669277
1,1.0,0.24234953097228418,0.0,0.10978260343253343,1.0,0.11272895554462516,0.0,0.10491673024962095
1,1.0,0.23707348417806354,0.0,0.13805809985635076,1.0,-0.03688139459325647,0.0,-0.03688139459325647
1,1.0,0.2370585696718769,0.0,0.09123900118103055,1.0,0.09427523212119195,0.0,0.037489917543811604
1,1.0,0.33552936092976426,0.0,0.16696253692271446,1.0,0.17114461780779594,0.0,0.1538513775624496
1,1.0,0.224367550918561,0.0,0.06141044607164558,1.0,0.010940700418463498,0.0,0.010940700418463498
1,1.0,0.026779838867854844,0.0,0.024531501358123493,1.0,-0.0820446139969957,0.0,-0.0820446139969957
1,1.0,0.30370068392643607,0.0,0.2115870898016888,1.0,0.07203918802827229,0.0,0.07203918802827229
1,1.0,0.20856775451173618,0.0,0.08707206573940889,1.0,0.0889105812168637,0.0,0.013763222155526845
1,1.0,0.25213060767578727,0.0,0.16310967310952526,1.0,0.16427436392524844,0.0,0.09802203078544364
1,1.0,0.36121287139827846,0.0,0.23390461220105999,1.0,0.2118289551146196,0.0,0.16378163366929108
1,1.0,0.26020734234188064,0.0,0.1117768477861104,1.0,0.08820779517951484,0.0,0.08820779517951484
1,1.0,0.3006286817848859,0.0,0.20761459777295638,1.0,0.21180272077117132,0.0,0.2111857084459818
1,1.0,0.26147139823990057,0.0,0.19260557698559344,1.0,0.09179850806235386,0.0,0.09179850806235386
1,1.0,0.2773612401267204,0.0,0.1740492813721135,1.0,0.017590457964676648,0.0,0.017590457964676648
1,1.0,0.1443309877765341,0.0,0.04137500260477261,3.0,0.11581774784911106,1.0,0.10572895955454246
1,1.0,0.21816269886477418,0.0,0.14372294531869687,1.0,-0.02634430467472654,0.0,-0.02634430467472654
1,1.0,0.24542119737294477,0.0,0.164339889858239,1.0,0.03739706480411885,0.0,-0.052823406437588864
1,1.0,0.24942768086685296,0.0,0.12918378098670552,1.0,0.13201646245108445,0.0,0.12031286150146567
1,0.0,-0.013128969416554795,1.0,0.2728861200146183,0.0,0.2717888077884093,3.0,0.061490024954232544
1,1.0,0.23476494904611203,0.0,0.011354282150311484,1.0,0.014443778597018632,0.0,-0.12285588260340781
1,1.0,0.11516257977985396,0.0,-0.08148489672621068,1.0,-0.07875797820349809,0.0,-0.10834096067357266
1,1.0,0.2956714591888539,0.0,0.20967033285652795,1.0,0.15904203263053607,0.0,0.15904203263053607
1,1.0,0.34743695726011586,0.0,0.23940645941124192,1.0,0.16311317627159141,0.0,0.16311317627159141
1,1.0,0.33220621121727295,0.0,0.2249386884301056,1.0,0.1810533877821917,0.0,0.1810533877821917
1,1.0,0.15413266122858862,0.0,-0.04614774360311575,1.0,-0.04635665194451388,0.0,-0.05782898258730001
1,1.0,0.2432440163166472,0.0,0.024230397830142632,1.0,0.025881491440207505,0.0,0.009425780863537313
1,1.0,0.08612222479686572,0.0,0.03640515679976783,1.0,-0.056459573460191974,0.0,-0.056459573460191974
1,1.0,-0.013346043650329036,0.0,-0.01980634402321049,3.0,0.1578712074781776,1.0,0.09679336482601104
1,1.0,0.3582583369623425,0.0,0.23900206840663915,1.0,0.24312256400920942,0.0,0.18042875512858253
1,1.0,0.31012823665147976,0.0,0.25046798719911456,1.0,0.1743079442796069,0.0,0.1743079442796069
1,1.0,0.27784608948881917,0.0,0.20140370853499215,1.0,0.18273805128112167,0.0,0.15730084017812598
1,1.0,0.33880612797728205,0.0,0.193288990458138,1.0,0.17499852228917076,0.0,0.17499852228917076
1,1.0,0.2457437049985112,0.0,0.10785390177971216,1.0,0.011614186237197012,0.0,0.011614186237197012
1,1.0,0.17997947904723935,0.0,0.002906021240518462,1.0,0.004699274713066146,0.0,-0.021570785033921947
1,1.0,0.2688339303437295,0.0,0.08955633378741314,1.0,0.09283272586041873,0.0,0.056315678369379785
1,1.0,0.25666074663687977,0.0,0.145160844978928,1.0,0.14812958829156098,0.0,0.1201212731059361
1,1.0,0.33725700204191517,0.0,0.13802982978122683,1.0,0.14065820052674052,0.0,0.11769296984825164
1,1.0,0.15373032738575534,0.0,0.044849548285968634,1.0,0.04568278023005598,0.0,-0.02920676457040112
1,0.0,-0.058724613095516284,1.0,0.10491247356139782,0.0,0.10386927850841926,4.0,0.226676817444351
1,1.0,0.2611050134958188,0.0,0.20050700479756225,1.0,0.059635683171252125,0.0,0.059635683171252125