cluster,y_k=2,s_k=2,y_k=3,s_k=3,y_k=4,s_k=4,y_k=5,s_k=5
0,1.0,0.1726310575750233,1.0,0.10531845630159525,1.0,0.10531845630159525,1.0,0.0651849088981947
0,1.0,0.17635832783739613,1.0,0.08557301653515315,1.0,0.08557301653515315,1.0,0.05724483820806132
0,1.0,0.16837855640901783,1.0,0.09936969364294994,1.0,0.0755871245513847,1.0,0.0755871245513847
0,0.0,0.007782888442678427,0.0,-0.05575131476545787,3.0,0.09323308255989342,3.0,0.09323308255989342
0,0.0,-0.12122786312435661,0.0,-0.12218561529423962,0.0,-0.12262042391256599,4.0,0.10359167258994907
0,0.0,-0.0845302997905347,0.0,-0.08419673804785313,0.0,-0.08429015693199061,0.0,-0.08435587220351114
0,0.0,-0.12757599647702,0.0,-0.12842488250740863,0.0,-0.13038086115597539,0.0,-0.1395425408861777
0,0.0,-0.0775718999522401,2.0,0.06987668372973874,2.0,0.06987668372973874,2.0,0.06987668372973874
0,0.0,0.056909270134948765,0.0,-0.04286569772925627,3.0,0.1149532414955472,3.0,0.1149532414955472
0,1.0,0.1290535986117903,1.0,0.05409492268230466,1.0,0.05409492268230466,1.0,-0.009520944395996978
0,0.0,-0.05168215757316978,2.0,0.16397254228160904,2.0,0.16397254228160904,2.0,0.16397254228160904
0,1.0,0.05504681443880289,1.0,0.050106869222789924,1.0,-0.041080320966732725,1.0,-0.041080320966732725
0,0.0,0.03923005021335332,0.0,-0.025922560150156274,0.0,-0.02594769674394598,0.0,-0.08296272981292134
0,1.0,0.15035937674066588,1.0,0.14862202820459045,1.0,0.12818325933810215,1.0,-0.02719233350471308
0,1.0,0.2003956337385764,1.0,0.19025471468100005,1.0,0.15115916862248358,1.0,0.13968527485094107
0,1.0,0.1237878238527844,1.0,0.019833850992527654,1.0,0.016888396408520655,1.0,0.016888396408520655
0,1.0,0.1285150576925451,1.0,0.11586091572700598,1.0,0.0335122723283904,1.0,0.0335122723283904
0,1.0,0.12812538338785945,1.0,0.05093702552888015,1.0,0.05093702552888015,1.0,0.05093702552888015
0,0.0,-0.028864281342908204,0.0,-0.027656239125799786,0.0,-0.02720310065484896,4.0,0.12786173585143015
0,1.0,0.15419339962190995,1.0,0.15388501307505598,1.0,0.10519372709855207,1.0,0.0418308019112838
0,0.0,0.03811391563747375,2.0,0.17556603871548246,2.0,0.14010322139993875,2.0,0.14010322139993875
0,1.0,0.07659573514827768,1.0,0.04089336761395458,1.0,0.04089336761395458,1.0,-0.004868549115592824
0,1.0,0.18908153856619236,1.0,0.11209347858420926,1.0,0.11209347858420926,1.0,0.09424805131912918
0,0.0,0.05652776850146346,0.0,-0.03114321775645325,3.0,0.07316023983653955,3.0,0.041518512545286546
0,1.0,0.21450338116471374,1.0,0.09657325490338875,1.0,0.09657325490338875,1.0,0.09657325490338875
0,1.0,0.21465419686285314,1.0,0.1267112963531757,1.0,0.10823183952623748,1.0,0.10823183952623748
0,1.0,0.028906911155758688,1.0,0.028691281390305225,1.0,0.027702759190431938,1.0,-0.053026657453207136
0,1.0,0.13919923302257145,1.0,0.07679237235523854,1.0,0.03531606694370527,1.0,0.03531606694370527
0,1.0,0.2393140052442803,1.0,0.20767728013511627,1.0,0.16073490450336214,1.0,0.16073490450336214
0,1.0,0.1508001200723155,1.0,0.005830237597965248,1.0,0.005830237597965248,1.0,0.005830237597965248
0,1.0,0.1909485319466273,1.0,0.1741554248708924,1.0,0.12720912577147953,1.0,-0.026777222001164582
0,1.0,0.22487019747295825,1.0,0.1359647861396906,1.0,0.1359647861396906,1.0,0.1359647861396906
0,1.0,0.14543368524946376,1.0,0.10830821105419004,1.0,0.07384368618946394,1.0,0.06837149952477561
0,1.0,0.0347286184660257,1.0,0.03221257282258611,1.0,-0.05381296505354338,1.0,-0.05381296505354338
0,0.0,-0.019643606174444724,0.0,-0.07895143543884597,3.0,0.09274258889083892,3.0,0.048701946076267544
0,0.0,-0.13097174082363733,0.0,-0.13599355066963711,3.0,0.028747620221523933,3.0,0.028747620221523933
0,0.0,0.015543608611257089,0.0,-0.0504585624309449,0.0,-0.05168486245530531,0.0,-0.05300425072627817
0,0.0,-0.06521560212950729,2.0,0.10668007471923996,2.0,0.10668007471923996,2.0,0.10668007471923996
0,0.0,-0.15029901012068383,2.0,-0.09965421900234787,2.0,-0.09965421900234787,2.0,-0.09965421900234787
0,0.0,-0.015711628870819068,0.0,-0.012580818034763856,0.0,-0.011385880561999236,0.0,-0.050109277577697446
0,0.0,-0.17775772187332323,0.0,-0.18275492663040788,0.0,-0.183653939749703,0.0,-0.1859472237167353
0,0.0,0.010487011011428574,0.0,-0.031102246395992416,3.0,0.12970351220450452,3.0,0.0341519217180534
0,0.0,0.008882998881351084,0.0,-0.060009470238257874,0.0,-0.15107937944882793,0.0,-0.15376147193635697
0,0.0,0.027345225626016045,0.0,0.01866788182333588,0.0,0.02159711565355105,0.0,0.0017495481262882013
0,1.0,0.13327347604446174,1.0,0.08625211561902628,1.0,0.08625211561902628,1.0,0.03605514612653069
0,0.0,0.03811472195704975,0.0,-0.025316019515746923,3.0,0.028166657669126433,3.0,-0.058812678352691036
0,0.0,0.12075035683899825,0.0,0.0692886898631161,3.0,0.17921970585287814,3.0,0.17673540571717195
0,0.0,0.053676331762573824,0.0,0.012016835344272203,0.0,0.0038262025394258992,0.0,-0.07771107256400259
0,0.0,0.020115056613360768,2.0,0.06740354012191259,2.0,0.0510722089822323,2.0,0.0510722089822323
0,1.0,0.20103670967597997,1.0,0.1122073199407185,1.0,0.1122073199407185,1.0,0.1122073199407185
0,0.0,-0.1054928638326142,0.0,-0.10793847535818649,0.0,-0.10995265137246457,0.0,-0.10996426315568975
0,1.0,0.11716616563282056,1.0,0.09135376916980104,1.0,0.09135376916980104,1.0,0.08713627086992108
0,1.0,0.17521366329325763,1.0,0.11224768726908543,1.0,0.11224768726908543,1.0,0.11224768726908543
0,1.0,0.1787028651433351,1.0,0.1593680033527597,1.0,0.12648445228441582,1.0,0.06281025577272803
0,0.0,-0.08292766441003373,2.0,0.08078901258284209,2.0,0.08078901258284209,2.0,0.08078901258284209
0,1.0,0.21279604213330097,1.0,0.16861010293984752,1.0,0.16539818012075558,1.0,0.16539818012075558
0,1.0,0.1253214965998933,1.0,0.06859464638708497,1.0,0.06859464638708497,1.0,0.06859464638708497
0,1.0,0.17128108321479127,1.0,0.15789034445354375,1.0,0.15180484058569352,1.0,0.07726676107330499
0,1.0,0.1670665566510493,1.0,0.0799367498892968,1.0,0.0799367498892968,1.0,0.06516253562534408
0,0.0,0.008070444370366631,0.0,-0.10521884514065695,3.0,0.0965329202733289,3.0,0.0965329202733289
0,0.0,-0.06847728794486617,0.0,-0.07032656548294625,0.0,-0.07147738706622811,0.0,-0.07043275334704874
0,0.0,-0.0385626733789432,0.0,-0.035289339394266726,0.0,-0.03604105408885424,0.0,-0.036245591389943946
0,0.0,-0.10778830952750598,0.0,-0.1132273329621055,0.0,-0.11633432619445909,0.0,-0.11547468864282158
0,1.0,0.10533944416460793,1.0,-0.04688413123418713,1.0,-0.04688413123418713,1.0,-0.04688413123418713
0,0.0,0.11568083483272491,0.0,0.011900765794998047,0.0,0.015829170470090848,0.0,-0.03286263156561922
0,1.0,0.21188865584816108,1.0,0.17198434855259626,1.0,0.17198434855259626,1.0,0.13620392376939494
0,0.0,-0.09014651145153722,0.0,-0.08858365108053447,3.0,0.036878459511443674,3.0,0.036878459511443674
0,1.0,0.23440358944828327,1.0,0.1713270973548931,1.0,0.1713270973548931,1.0,0.1713270973548931
0,1.0,0.2028508546367982,1.0,0.09947290135139741,1.0,0.09947290135139741,1.0,0.09947290135139741
0,1.0,0.16115432175663322,1.0,0.06311888354579072,1.0,0.018047708173929887,1.0,0.018047708173929887
0,1.0,0.10912575118595703,1.0,0.03923697354765033,1.0,-0.02662711159128659,1.0,-0.02662711159128659
0,1.0,0.10522095139208776,1.0,0.05901751614469917,1.0,0.05901751614469917,1.0,0.015647513113039028
0,1.0,0.14673153889313528,1.0,-0.054276011888250854,1.0,-0.054276011888250854,1.0,-0.054276011888250854
0,0.0,-0.10112032211575007,0.0,-0.1033905374483411,3.0,0.08619565518072751,3.0,0.08619565518072751
0,1.0,0.13249604305149595,1.0,0.007796553640927273,1.0,0.007796553640927273,1.0,0.007796553640927273
0,1.0,0.17114755893490977,1.0,0.10580738408682484,1.0,0.08745731987387693,1.0,0.06719939660566038
0,1.0,0.17274250482824455,1.0,0.005379299856677216,1.0,0.005379299856677216,1.0,0.005379299856677216
0,1.0,0.256370017434053,1.0,0.23336591384137867,1.0,0.23227991816400687,1.0,0.0963372789912984
0,1.0,0.19769662160728804,1.0,0.168866340179361,1.0,0.12446727520011136,1.0,0.03563467553534381
0,1.0,0.06821567683938948,1.0,0.0004961623451761414,1.0,0.0004961623451761414,1.0,0.0004961623451761414
0,0.0,-0.04121931202255672,2.0,0.14823152282434415,2.0,0.10235747180507188,2.0,0.10235747180507188
0,1.0,0.18777729639930657,1.0,0.08416549280519456,1.0,0.08416549280519456,1.0,0.08416549280519456
0,0.0,0.18032225873198646,0.0,0.12044929040835986,0.0,0.014434509355792467,0.0,-0.013408527834488957
0,1.0,-0.0040987692756490725,1.0,-0.005723887310434532,1.0,-0.009498305247446525,1.0,-0.04373069645269343
0,0.0,-0.07857109783875763,2.0,0.09156580765080403,2.0,0.09156580765080403,2.0,0.06455183541005115
0,1.0,0.1507652528876781,1.0,0.10015835082610813,1.0,0.10015835082610813,1.0,0.05213652279773789
0,1.0,0.1993524890392971,1.0,0.12624026354550325,1.0,0.12624026354550325,1.0,0.12624026354550325
0,0.0,-0.10419166934665038,0.0,-0.10021458478105491,0.0,-0.09861519500402498,0.0,-0.09961295605779857
0,0.0,-0.04923628029791582,0.0,-0.04999770031693907,0.0,-0.051083519135043554,4.0,0.1421896105844094
0,1.0,0.18106536014388513,1.0,0.11161867413208663,1.0,0.11161867413208663,1.0,0.11161867413208663
0,1.0,0.1457398382922095,1.0,0.11664093271573542,1.0,0.05689013917383479,1.0,0.05689013917383479
0,1.0,0.18120226739933226,1.0,0.14718297586795412,1.0,0.14718297586795412,1.0,0.12600645366333046
0,1.0,0.17688740059059493,1.0,0.12493473944829092,1.0,0.12493473944829092,1.0,0.07282933029775394
0,0.0,-0.1014495777231495,2.0,0.020735358265876563,2.0,0.013149025421776142,2.0,0.013149025421776142
0,0.0,-0.08907990419168693,0.0,-0.090717063324747,0.0,-0.09152552119260048,0.0,-0.09040363703668532
0,0.0,0.026242383529653933,0.0,-0.07721912337473241,3.0,0.08291247764219148,3.0,0.08291247764219148
0,1.0,0.2433280493472488,1.0,0.20775583147093407,1.0,0.1515415424586557,1.0,0.10490224486604241
0,0.0,-0.06543203426563286,0.0,-0.0660644556539133,0.0,-0.067668145943879,0.0,-0.06952825994905001
0,0.0,0.05362982598547157,2.0,0.08050358622534068,2.0,0.008437255073478376,2.0,0.008437255073478376
0,0.0,-0.012228202197120511,0.0,-0.011844157882861,0.0,-0.0104536764278534,0.0,-0.009535730662011098
1,0.0,0.2729945589632346,0.0,0.05935851378667398,0.0,0.06276137504662861,0.0,0.06904808251665054
1,0.0,0.12114091818994528,0.0,-0.044882508562260226,0.0,-0.04203045718240758,0.0,-0.03819346444491041
1,0.0,0.007984255104541269,0.0,0.011989839939458144,0.0,-0.011572254803233203,0.0,-0.010894182775694337
1,0.0,0.02035790924817025,2.0,0.13779592720058462,2.0,0.07924326533527222,2.0,0.018145278506741882
1,0.0,0.16139642327224524,0.0,0.07950061137988344,0.0,0.05514522850009917,0.0,-0.00891192863824501
1,0.0,0.18528959267756395,0.0,0.011800613077552124,0.0,0.019286697550805688,0.0,-0.009055327523762109
1,0.0,0.02971172646889692,0.0,0.020453433448876557,0.0,-0.10967446893835393,0.0,-0.10947351959504091
1,0.0,0.16389112846570156,0.0,0.12590494506099797,0.0,0.0271661397518151,0.0,0.03080245256219571
1,0.0,0.23700381176175703,0.0,-0.0015748376960114416,0.0,0.0014006706064581525,0.0,0.006689284324214519
1,0.0,0.1636464951167681,0.0,0.025745476066640943,0.0,0.027348502651736085,0.0,-0.10357204401357231
1,0.0,0.1617962615837938,0.0,-0.04787466919694253,0.0,-0.045906742203550184,0.0,-0.041073997199036476
1,0.0,0.19003221827928257,0.0,0.07067870731461336,0.0,0.07495438255101913,0.0,0.030757943624954657
1,0.0,0.17083562667383798,0.0,0.11678335511103813,0.0,0.032690895446219725,0.0,0.037647009661679096
1,0.0,0.03451476379203454,0.0,0.04151829198047115,0.0,0.04797193663507902,0.0,-0.030216903472817566
1,0.0,0.19854049798475484,0.0,0.023338006414192876,0.0,0.02834136275276577,0.0,0.032604804287964875
1,0.0,0.12132902631273895,0.0,0.04420504462621228,0.0,-0.05446903996704487,0.0,-0.16662864017742218
1,0.0,0.23435901161932307,0.0,0.12846297380573507,0.0,0.046141076876383524,0.0,0.020092786948363386
1,0.0,0.04060676417642064,2.0,0.11617877106285691,2.0,0.052442595803367825,2.0,0.052442595803367825
1,0.0,0.15955199527326627,0.0,0.08771911867145997,0.0,-0.010060380913483581,0.0,-0.005979024172005163
1,0.0,0.02945807932542048,0.0,0.033285739620003106,0.0,-0.05885090096939213,0.0,-0.05830683865822434
1,0.0,0.11456558108826365,0.0,0.06308829300230297,0.0,0.06671266965502397,0.0,0.017346865404505314
1,0.0,0.06685550621048178,0.0,-0.0328888073867005,0.0,-0.030836306545184232,0.0,-0.12571338483232422
1,0.0,0.1910539860352197,0.0,-0.003680358796157409,0.0,-0.0025120756330140946,0.0,-0.0010477262088089876
1,0.0,0.10221601153356717,0.0,0.03303683560484487,0.0,0.03790365837620557,0.0,0.003280563813554903
1,0.0,0.19814637045404232,0.0,0.10810084890501848,0.0,0.07652280551657552,0.0,0.03824918969110976
1,0.0,0.053147964375978685,0.0,-0.02626676137861464,0.0,-0.024483685509441168,0.0,-0.021631331105953465
1,0.0,0.16013590337900577,0.0,0.024503061078017592,0.0,-0.03337160493964777,4.0,0.07466163870917968
1,0.0,0.2381505115796707,0.0,0.10738541254928055,0.0,0.03557448498766768,0.0,-0.037849071303932114
1,0.0,0.12302664536783475,0.0,-0.02851759573719559,0.0,-0.028539103823736707,0.0,-0.024275741091622883
1,0.0,0.13354124588836985,0.0,0.017191560649741467,0.0,0.018302420011241435,0.0,0.02052412034221148
1,0.0,0.08236621014843945,0.0,0.0558508300102884,0.0,-0.0475361820816237,0.0,-0.04694628002730436
1,0.0,0.12496686571159313,0.0,0.0885130429371375,0.0,0.08227184511812408,0.0,0.08543527739708
1,0.0,0.1208973698149153,0.0,0.001886740614072594,0.0,0.00580294550449069,0.0,0.007722993088870426
1,0.0,0.18415354349088242,0.0,0.006144743758516767,0.0,-0.10657395473231285,0.0,-0.10499796718685205
1,0.0,0.18933005258400823,0.0,0.09961355501950146,0.0,0.10716672763397753,0.0,0.04240543577727763
1,0.0,0.21353025429859163,0.0,0.08538300449807544,0.0,0.03693135768603749,0.0,0.03934105452306531
1,0.0,0.14638955428608377,0.0,0.030029322206075407,0.0,0.034776517973943905,0.0,-0.08010312011300133
1,0.0,0.18804248196409182,0.0,0.04323536122049003,0.0,-0.09652643808121598,0.0,-0.09477329066946825
1,0.0,0.15604851114983195,0.0,0.04844354601793912,0.0,0.05214995242008496,0.0,-0.00042905247391822175
1,0.0,0.011532965554064778,0.0,0.01247076842301819,0.0,-0.028552646302178998,4.0,0.15606752651491404
1,0.0,0.2287276979120045,0.0,-0.013151881849710006,0.0,-0.024620093016007857,0.0,-0.022473017003716567
1,0.0,0.11544701947719872,0.0,0.024346332203515342,0.0,-0.017818965466953045,0.0,-0.04384075865583075
1,0.0,0.140729518044497,0.0,0.0022777485610760866,3.0,0.14170090030485483,3.0,0.14170090030485483
1,0.0,0.04067337576119814,0.0,-0.011687258132213878,0.0,-0.02655537561275199,0.0,-0.10697098182387617
1,0.0,0.07212361764294463,0.0,-0.027098622070240656,3.0,0.08652192104470181,3.0,0.05362539466964986
1,0.0,0.1653454525814788,0.0,-0.03031249876230382,0.0,-0.028665445521550453,0.0,-0.026717416453206057
1,0.0,0.08274226278246503,0.0,-0.031957169663826425,0.0,-0.02675402974048242,4.0,0.130304438078743
1,0.0,0.12885233179118094,0.0,-0.023762345026294686,0.0,-0.08199634209939503,0.0,-0.081028108257276
1,0.0,0.15161949653771584,0.0,0.15363118745606852,0.0,0.15154307494984912,0.0,0.03528540679508942
1,0.0,0.03456638968724008,0.0,-0.05126682757324141,0.0,-0.053596894689566646,0.0,-0.05531376257364387
1,0.0,0.10006707759143675,0.0,-0.04069400992355531,0.0,-0.04226840165901491,0.0,-0.04296804149038326
1,0.0,0.22427890268827874,0.0,-0.011231644172117498,0.0,-0.0085834215108749,0.0,-0.007130767128324417
1,0.0,0.08233040896205893,0.0,-0.10751926621195537,0.0,-0.12363241934570085,0.0,-0.12484956972880218
1,0.0,0.13969092409386835,0.0,0.040614501004082426,0.0,-0.07297846732411122,0.0,-0.07221116389562494
1,0.0,0.14874235826263862,0.0,-0.033022099272378334,0.0,-0.1425248664256837,0.0,-0.1405258783237079
1,0.0,0.1649606485724775,0.0,0.006599885182497387,0.0,-0.007618166627485729,0.0,-0.007500175565671442
1,0.0,0.11355799028125611,2.0,0.12916906950975088,2.0,0.09776760194600544,2.0,0.09776760194600544
1,0.0,0.17330923714821703,0.0,-0.05994340103414192,0.0,-0.0591608856014508,0.0,-0.05646347713233059
1,0.0,0.21469228211002456,0.0,0.0993546759406097,0.0,0.029458652143094198,0.0,-0.004360238476992833
1,0.0,0.15972961974436184,0.0,-0.08621716907756581,0.0,-0.08566721076604902,0.0,-0.08492019823067554
1,0.0,0.1190675253083524,0.0,0.035759898811358964,0.0,0.03849187125497197,0.0,0.04156397003471404
1,0.0,0.11597374175320138,0.0,0.016267877792403917,0.0,0.006255835850165365,0.0,0.008013132416434785
1,1.0,-0.015031337241314273,1.0,-0.09178967432839025,1.0,-0.09178967432839025,1.0,-0.09178967432839025
1,0.0,0.18973081064875877,0.0,0.07362489249385121,0.0,0.07743990190271778,0.0,0.020325481267578736
1,0.0,0.12886147533394263,2.0,0.0677607748984997,2.0,0.066026072207749,2.0,0.06577915496107924
1,0.0,0.0780597187164313,2.0,0.06725297748489026,2.0,0.030658613792678577,2.0,0.030658613792678577
1,0.0,0.07046133203022319,0.0,-0.10763061755527256,0.0,-0.11082823442719295,0.0,-0.10797211140279123
1,0.0,0.1775732611070249,0.0,0.0721681559738546,0.0,0.0764377450913598,0.0,0.019329704215501016
1,0.0,0.1446434854669807,0.0,0.037636119628742234,0.0,0.039646830907447396,0.0,0.04396765086926865
1,0.0,0.17118723651833143,0.0,0.08397332013373476,0.0,0.08891884249283245,0.0,-0.02081534494076378
1,0.0,0.1501664884364831,2.0,0.13484504816720858,2.0,0.09238770061603037,2.0,0.09238770061603037
1,0.0,0.08890645671808434,0.0,0.040527887258688736,0.0,-0.10275104876633216,0.0,-0.10110551966045579
1,0.0,0.02527076014423403,0.0,-0.033005996503973185,3.0,0.10552279581355915,3.0,0.10552279581355915
1,0.0,0.09922499226311758,0.0,-0.026849431236860663,0.0,-0.023321582062819556,0.0,-0.016256161757698544
1,0.0,0.16853151442937128,0.0,-0.030472784695205545,0.0,-0.02944342459899012,0.0,-0.02859087667259136
1,0.0,0.08611626542905422,0.0,-0.04410129646596404,0.0,-0.04034933690055413,0.0,-0.0635000701452054
1,0.0,0.21214429628036252,0.0,-0.0038074327665960513,0.0,0.004026729287863488,0.0,0.004715545812942342
1,0.0,0.08075915012569485,0.0,-0.09254343230014969,0.0,-0.1268906928973361,0.0,-0.12445218558397393
1,0.0,0.09952399015152966,2.0,0.03713578764856408,2.0,-0.018423265882692753,2.0,-0.018423265882692753
1,0.0,0.15409664077628216,0.0,0.016040342833488274,0.0,0.019141172843794997,0.0,0.021681870606238145
1,0.0,0.11610477176431698,0.0,0.05263114627124771,0.0,0.05813520323362251,0.0,0.04017270711208736
1,0.0,0.236629307723833,0.0,0.06415023070567785,0.0,-0.0004125437251360438,0.0,0.005690972539375677
1,0.0,0.13952260005763795,0.0,0.07471310474094525,0.0,0.08097617454065449,0.0,0.08466368010595264
1,0.0,0.1864618526288079,0.0,0.08909159132343264,0.0,-0.026298539941082763,0.0,-0.025281791862036985
1,0.0,0.05185325473667702,0.0,0.026049734258842636,0.0,0.029370995814559243,0.0,0.03224446670509625
1,0.0,0.17299453434257434,0.0,-0.004892547939845892,0.0,0.0022454986671024027,0.0,0.004253453148822007
1,0.0,0.2287991917683496,0.0,0.0173050756198741,0.0,0.019283828715820885,0.0,0.003923745888869652
1,0.0,0.20649868395878715,0.0,0.13465971252087142,0.0,0.026874307510077737,0.0,-0.1412308444190477
1,0.0,0.2371077151319809,0.0,0.15040999299968882,0.0,0.05418164902098912,0.0,-9.511992071086735e-05
1,0.0,0.13756926039375786,0.0,0.05268025660893956,0.0,0.058439146933118885,0.0,0.06114054202667025
1,0.0,0.16188014629775585,0.0,0.024690268558708005,0.0,0.030086160907130892,0.0,0.030795392889919174
1,0.0,0.17132622638942674,0.0,0.04586356857784178,0.0,0.048668980333800266,0.0,0.05048618052927364
1,0.0,0.12837279619631736,0.0,-0.0726410935739105,0.0,-0.07226874382909247,0.0,-0.070594624505413
1,0.0,0.11434432338265296,0.0,0.1150161881466033,0.0,0.06329267660828491,0.0,-0.06583395313379727
1,0.0,0.04302088126995083,0.0,-0.029135993357158402,0.0,-0.08356696131270606,0.0,-0.08627861874894419
1,0.0,0.1837103893777384,0.0,0.028370928582822256,0.0,0.006618213743967996,0.0,0.010924999143137857
1,0.0,-0.014686423324069726,0.0,-0.06700245715677842,0.0,-0.06940849775147885,0.0,-0.07064875073041904
1,0.0,0.21338091810823462,0.0,0.07343707976492209,0.0,0.07957028219836512,0.0,0.0848881774818437
1,0.0,0.08013127674434589,0.0,0.08172751398992932,0.0,0.04641267841133969,0.0,-0.040427896325353124
1,0.0,0.20569395632001453,0.0,0.09494126943001857,0.0,0.09984116626424175,0.0,0.09258705481786124
1,0.0,0.24226225013882344,0.0,0.15391914054044117,0.0,0.1623087647920547,0.0,0.08050609974346033
1,0.0,0.28702200386033805,0.0,0.1015659840947579,0.0,0.08039344311093485,0.0,0.08851107764476149
1,0.0,0.0857493755069683,0.0,0.0015191178628278974,0.0,-0.020285294167148107,0.0,-0.017485166751117283
1,0.0,0.17675541584010396,0.0,-0.041114986705688035,0.0,-0.04044112921797614,0.0,-0.03812338754859888
1,0.0,0.16296203337805656,0.0,0.06695616514429173,0.0,-0.10839481553444569,0.0,-0.10480390015069226
1,0.0,0.22045680832664602,0.0,0.11798975722476938,0.0,0.001569893479650174,0.0,0.0024409139742192394
1,0.0,0.09983955894789766,0.0,0.004287773862891274,0.0,-0.006578673510146368,0.0,-0.006413642928167032
1,0.0,0.12779081721388424,0.0,0.07385116294435577,0.0,-0.04537180130443264,0.0,-0.04159511663032593
1,0.0,0.01832682594999242,0.0,-0.027521121963147002,0.0,-0.02786455793641454,0.0,-0.02519425617174089
1,0.0,0.1334892872100028,0.0,-0.0828488304520505,0.0,-0.08231346931556596,0.0,-0.07553133131568601
1,0.0,0.23717776409256397,0.0,0.12260738160493688,0.0,0.010651456194557728,0.0,0.013060048442116163
1,0.0,0.12602992528746437,0.0,0.0010170651795862243,0.0,-0.06477311166695306,0.0,-0.0645895209748397
1,0.0,0.19910939957670942,0.0,0.034075059496533874,0.0,0.03837975806909919,0.0,0.043984812493629365
1,0.0,0.16208075179657772,0.0,0.01441450389373212,0.0,0.015904195445402478,0.0,0.01679945123782401
1,0.0,-0.019707325633086352,0.0,-0.020965992562006288,0.0,-0.08736593431561152,4.0,0.10225628904246
1,0.0,0.11886566166798833,0.0,0.04045806992550563,0.0,0.04483038238854414,0.0,0.048030477648972704
1,0.0,0.08510975050839609,0.0,0.08813610612471087,0.0,0.09449422388071355,0.0,-0.09261526483989137
1,0.0,0.13482210175104647,0.0,-0.013408303290981005,0.0,-0.0420271813010839,4.0,0.10203291957137438
1,0.0,0.2195461661759774,0.0,-0.004724456494096214,0.0,-0.004693818678306348,0.0,-0.00028977912719235473
1,0.0,0.09817930091138327,0.0,-0.001633211976858774,0.0,-0.0158413986683998,0.0,-0.016077457981079905
1,0.0,0.18681560686131587,0.0,-0.0487901143321036,0.0,-0.044055860445561326,0.0,-0.04239618401466199
1,0.0,0.10430765825634561,0.0,0.015117417749144841,0.0,-0.161461886250809,0.0,-0.16100036171471546
1,0.0,0.07560431633365121,0.0,0.07544427829317804,0.0,-0.017329305852078626,0.0,-0.11228151422024658
1,0.0,0.1646774052936575,0.0,0.14275858499231472,0.0,0.035738761175158784,0.0,-0.010945582762773723
1,0.0,0.18641058517692058,0.0,0.09780486420892773,0.0,0.05020373343609861,0.0,0.05585145307147625
1,0.0,0.07665302169260033,0.0,-0.0062920953165591055,0.0,-0.003821370165213081,0.0,-0.0038626611707531055
1,0.0,0.17639937481300375,0.0,0.06352631201018165,0.0,0.023942613896701766,0.0,-0.10555165421642049
1,0.0,0.010183957238763355,0.0,-0.09432920981480479,0.0,-0.09608980369857066,4.0,0.10776420292279112
1,0.0,0.2203725521337613,0.0,0.047963979138835364,0.0,-0.012478208354196463,0.0,-0.007354727850128975
1,0.0,0.1637052812338759,0.0,-0.028349352488178613,0.0,-0.01966585602960395,0.0,-0.020339751981786176
1,0.0,0.25505085854609605,0.0,0.07297368202053889,0.0,0.005635226932206302,0.0,-0.027321957475943563
1,0.0,0.24895593680466693,0.0,0.04419475913340818,0.0,0.04720608928197645,0.0,0.02008162587418321
1,0.0,0.19602523030727595,0.0,0.08810088950348902,0.0,0.06394578683252919,0.0,-0.076625251340142
1,0.0,0.23898689418373115,0.0,0.10070776975711962,0.0,-0.012516296315983888,0.0,-0.006912617130492599
1,0.0,0.1203608011457089,0.0,0.021723569734329262,0.0,-0.03420358823029303,0.0,-0.03509613020941393
1,0.0,0.15254996041946756,0.0,-0.04751254616451871,0.0,-0.04327966651626354,0.0,-0.04046969790299457
1,1.0,0.11626427257317049,1.0,0.11346106266605313,1.0,0.09199701930212524,1.0,0.03524829099461823
1,0.0,0.16541499963709697,0.0,0.08645391967329354,0.0,0.0905056028831971,0.0,0.06719681183057272
1,0.0,0.07613864578040275,2.0,0.16202089802596614,2.0,0.09996351315273111,2.0,0.09996351315273111
1,0.0,0.11894240108018762,0.0,0.08124068451439234,3.0,0.0875328499556797,3.0,0.08377017235992885
1,0.0,0.15130251830964725,0.0,0.06417770042185399,0.0,0.06882065624962247,0.0,0.06317709310098288
1,0.0,0.21104625734930307,0.0,0.012031105567230096,0.0,0.020254803386113487,0.0,0.02240523949045207
1,0.0,0.1897028343588145,2.0,0.04049898162030024,2.0,0.03701069504118602,2.0,0.036168797351935504
1,0.0,0.2528966708436995,0.0,0.001867015484705865,0.0,0.008447929060914067,0.0,0.011078573983301655
1,0.0,0.22189111452175042,0.0,0.0019391096106303382,0.0,0.0023566770383893695,0.0,0.003377417318206001
1,0.0,0.19370260817986687,0.0,0.08202131065093274,0.0,-0.008014454698676805,0.0,-0.0038252771935268245
1,0.0,0.16923521206508635,0.0,-0.06610783144607275,0.0,-0.0662364625968952,0.0,-0.10229159551016094
1,0.0,0.038654212684235675,0.0,0.041771605270912227,0.0,-0.05029128909173073,0.0,-0.04777200293831123
1,0.0,-0.0035136670661602702,0.0,-0.000558466932269884,0.0,0.0002465132825707938,0.0,-0.09412734431126019
1,0.0,0.0989687007066478,0.0,-0.017443308213402772,0.0,-0.01679360770482228,0.0,-0.014126502316533977
1,0.0,0.00871542157723743,0.0,0.013666791122890768,0.0,0.01689143315061613,4.0,0.08435273274665712
1,0.0,0.03363024952168491,0.0,0.008583499123513307,0.0,0.011280832506049982,0.0,-0.10613313318521109
1,0.0,0.12907591038198046,0.0,0.029998495076954686,0.0,0.0328861698263276,0.0,0.0385960494454825
1,0.0,0.08822198986090733,2.0,0.08629392444282037,2.0,0.08527073579657815,2.0,0.06370058030324022
1,0.0,0.2159265586324352,0.0,0.1072220213860848,0.0,0.11326106901583911,0.0,0.025337120204731483
1,0.0,0.08560014536247278,0.0,0.043154233497291895,0.0,0.027917630316062262,0.0,-0.047685243781849185
1,0.0,0.00037730759178729203,2.0,0.10533853798910671,2.0,0.03636567071295663,2.0,0.03636567071295663
1,0.0,0.1756138783471719,0.0,0.006143637165314081,0.0,0.00796908291062398,0.0,0.008536386113724478
1,0.0,0.04816465782016746,0.0,0.009979430791791406,0.0,-0.062604353708229,0.0,-0.05782259921940064
1,0.0,0.09324670566297788,0.0,0.08636983994931273,0.0,0.04485297053525034,0.0,0.011239490121506499
1,0.0,0.05637441529107176,0.0,0.06406303999177186,0.0,0.00028094494602980466,0.0,-0.03658807635532274
1,0.0,0.1972791543220631,0.0,0.1376317806130882,0.0,0.09721808140876066,0.0,-0.054939085390950215
1,0.0,-0.009647967251320133,0.0,-0.007277981761878533,0.0,-0.11947459519716017,4.0,0.012680823354843782
1,0.0,0.12797476940325309,0.0,0.13712008207270773,0.0,0.0756774201276855,0.0,0.001972841862875601
1,0.0,0.10339002269971792,0.0,0.08227219820009893,0.0,0.08655490022726639,0.0,0.047010605071000175
1,0.0,0.018308491599689166,2.0,0.041153280035766404,2.0,-0.002100102487829268,2.0,-0.002100102487829268
1,0.0,0.1111040260046184,0.0,0.02474482833524388,0.0,-0.08876221893126353,0.0,-0.08471002847714404
1,0.0,0.1105079083316788,0.0,0.0307966931132348,0.0,-0.009660303969416778,0.0,-0.008131299313164262
1,0.0,0.04600866796719777,0.0,0.02259767933858371,0.0,-0.03910633865831107,0.0,-0.0500989125082895
1,0.0,0.13833553418631744,0.0,0.03314620540067419,0.0,-0.014486426936946857,0.0,-0.010635444620993584
1,0.0,0.11864401571662832,0.0,0.08432984970498897,0.0,-0.04064597746396783,0.0,-0.06188190256611471
1,0.0,0.08628151130177833,0.0,0.08731157881886055,0.0,0.06940203840718114,0.0,0.07236076595874684
1,0.0,0.16022718649221102,0.0,0.01738448946970231,0.0,0.019654325536885384,0.0,-0.08028607663335915
1,0.0,0.19002188363685704,0.0,0.07500665339678175,0.0,-0.02009443765428643,0.0,-0.01878458795855373
1,0.0,0.14039944965273765,0.0,-0.03582320590194253,0.0,-0.11050189843550001,0.0,-0.10940554138468914
1,0.0,-0.04829621863862406,0.0,-0.04821209938662446,0.0,-0.048909819417800954,0.0,-0.04727854432905217
1,0.0,0.14404021260100533,2.0,0.04455604044212388,2.0,0.037372891005961695,2.0,0.01619458047830026
1,0.0,0.19275774306403573,0.0,-0.040083261703080596,0.0,-0.054544169230709476,0.0,-0.11004490110636736
1,0.0,0.24603043644848743,0.0,0.08680098652296522,0.0,0.04806838974698105,0.0,0.0515659568995779
1,0.0,0.13037238987609268,0.0,-0.03036359250382086,0.0,-0.024147676688852485,0.0,-0.024421817860829538
1,0.0,0.15537475992284555,0.0,-0.05068713875861644,0.0,-0.04907829546407952,0.0,-0.04802408619387867
1,0.0,0.17240578033060996,0.0,0.07728969070042749,0.0,0.08246136050296374,0.0,0.011355079830043878
1,0.0,0.004312882832155678,0.0,0.010263890627257813,0.0,0.013376894197471333,0.0,-0.23451836784455057
1,0.0,0.15760568540445763,0.0,0.08133665997360129,0.0,0.0864826458633205,0.0,0.029217744432092307
1,0.0,0.04874522996470219,0.0,-0.023302253876310772,0.0,-0.05660385524359051,0.0,-0.10847971433697914
1,0.0,0.08548269459632411,0.0,-0.047196466676612356,0.0,-0.047645724095811616,4.0,0.029106535689767524
1,1.0,0.13917111856358513,1.0,-0.0177532439109492,1.0,-0.0177532439109492,1.0,-0.0177532439109492
1,0.0,0.10728807072374957,0.0,0.06113265187823227,0.0,0.026881986564500727,0.0,0.029897566268961888
1,0.0,0.19704010383731582,0.0,0.01652108090835566,0.0,0.0009066306998318249,0.0,0.0069578004696154985
1,0.0,0.24439355221817122,0.0,0.10480332778905088,0.0,0.1109754473264783,0.0,0.061894706962194894
1,0.0,0.13826202273742275,0.0,0.04810274525383745,0.0,0.0526478611429226,0.0,0.05050275348764579
1,0.0,0.09535902315641297,0.0,0.1019689013037569,0.0,0.009468231643967227,0.0,-0.0907825836431899
1,0.0,0.09587556324792217,0.0,0.10302904208416068,0.0,0.10847128355619855,0.0,0.05735665278027442
1,0.0,0.15063535590612617,0.0,-0.062068918223682136,0.0,-0.05881582249753955,0.0,-0.05299869440223158
1,0.0,0.09922454615386915,0.0,-0.04935920304046731,0.0,-0.10092445568429535,0.0,-0.10026425025552793
1,0.0,0.06537613523646482,0.0,0.019988177575901808,0.0,0.02391571644856692,0.0,-0.0651820353766709
1,0.0,0.22409617960619266,0.0,0.13147036153249353,0.0,-0.0018499292136824857,0.0,-0.0007693828258678952
1,0.0,0.14271289396641912,0.0,0.021533500500642764,0.0,-0.03567525786341204,0.0,-0.03411494823408281
1,0.0,0.20751144667693786,0.0,0.07147806743050948,0.0,0.07585035295299503,0.0,0.07960641447413044
1,0.0,0.14208006940374138,0.0,-0.013635825174196172,0.0,-0.011373461412672379,0.0,-0.054813653323293694
1,0.0,-0.07939674568700263,0.0,-0.08326567278186643,0.0,-0.09018304302580515,0.0,-0.09305697574475003
1,0.0,0.09966989754344108,0.0,0.018107761695210927,0.0,-0.07094852307033334,0.0,-0.07008166130763031
1,0.0,-0.01441783274193971,0.0,-0.01080701643013227,0.0,-0.010607800675224948,0.0,-0.006574954650966373
1,0.0,0.10996585247333603,0.0,0.11166013003611257,0.0,-0.11001373292661291,0.0,-0.11322979625474286
1,0.0,0.15267068495929315,0.0,-0.05849245072973266,0.0,-0.05642755050220888,0.0,-0.05348905245676055
1,0.0,0.14638718342813317,0.0,-0.0029123482986731105,0.0,-0.08287998957555816,0.0,-0.0837405418515857
1,0.0,0.027249046200006344,0.0,-0.020191129303132396,3.0,0.1690891023872572,3.0,0.1690891023872572
1,0.0,0.07904346757269827,0.0,0.0852273955701442,0.0,0.04974928205064563,0.0,-0.06714850537503857
1,0.0,0.16008981362780023,0.0,0.044402072689789136,0.0,0.023340479508383895,0.0,-0.07096396753290163
1,0.0,0.2278571126837238,0.0,0.08998369118469776,0.0,0.06996129147888523,0.0,0.07468002170532051
1,0.0,0.11423822598015458,0.0,-0.039779428764363155,3.0,0.04592977525808405,3.0,0.04592977525808405
1,0.0,0.12706726232025572,0.0,0.028054915131724412,3.0,0.12031302539494848,3.0,0.07585083354648903
1,0.0,0.25195571802657635,0.0,0.09694457248973766,0.0,0.06466611031367969,0.0,0.06809406533871379
1,0.0,-0.06863622233898937,0.0,-0.06962244676463247,0.0,-0.07095502370928111,0.0,-0.07409606828702749
1,0.0,0.22044831251548969,0.0,0.048723394087396635,0.0,0.05281700285333644,0.0,-0.02807189980716897
1,0.0,0.1899506937711817,0.0,0.03683987828365355,0.0,0.04121518408267118,0.0,-0.00876612433594736
1,0.0,0.17061778524244584,0.0,-0.011398072287189972,0.0,-0.00886335213305443,0.0,-0.0015827296125268983
1,0.0,0.16399520612853297,0.0,0.06887630571183227,0.0,0.05456269094495718,0.0,0.01379421110905519
1,0.0,0.19328553649047048,0.0,0.02948239878980033,0.0,-0.10856130338270883,0.0,-0.10518663001836696
1,0.0,0.13748548471347458,0.0,0.08198796587179981,0.0,-0.08892018732963858,0.0,-0.08707598306314908
1,0.0,0.14847392750368996,0.0,-0.017064169712333977,0.0,-0.017160052599714423,0.0,-0.017648156732953234
1,0.0,0.22231473641823996,0.0,0.08031466425243347,0.0,-0.054173742947443974,0.0,-0.05341578238271461
1,0.0,-0.03240674170201453,0.0,-0.03764817203021166,0.0,-0.0351361737330913,4.0,0.08754123858179293
1,0.0,0.08501931619093353,0.0,-0.07281399239027081,0.0,-0.07125883034872137,0.0,-0.07131072758914543
1,0.0,0.1084226640308939,0.0,-0.06863012349810672,0.0,-0.1261077823534346,0.0,-0.12519749310436373
1,0.0,0.08678579896783058,0.0,0.016872236999497817,0.0,-0.032187207102516324,0.0,-0.16163046349717028
1,0.0,0.08479693518338247,0.0,0.08806350980666577,0.0,-0.012994396030768447,0.0,-0.013256295094795612
1,0.0,0.1408844839764124,0.0,-0.08499079299197143,0.0,-0.08778690423805303,0.0,-0.08235312130608176
1,0.0,0.1254224171153867,0.0,0.04112088335963285,0.0,-0.07129300638856358,0.0,-0.15820071679094683
1,0.0,0.0690134194933054,0.0,0.016440593845329626,0.0,-0.1174756106408181,0.0,-0.11541230304408276
1,0.0,0.2205933244291344,0.0,0.05940345196216341,0.0,0.06470946854049352,0.0,-0.05576636802863611
1,1.0,0.06914032800918432,1.0,0.06820773005143722,1.0,0.06656738042978246,1.0,0.06597433810570637
1,0.0,0.15027267025068589,0.0,0.030338624719304985,0.0,-0.007294358738322737,0.0,-0.003989625968952291
1,0.0,0.14157207193932625,0.0,0.01593859890563966,0.0,0.01081305886655742,0.0,0.0136059864332903
1,0.0,0.22447764681525778,0.0,-0.03199507280600949,0.0,-0.03127036825097753,0.0,-0.02504791275505212
1,0.0,0.053541276925877054,2.0,0.017915863030291773,2.0,0.01167201781002593,2.0,-0.06596228392819527
1,0.0,0.09308036535033332,0.0,0.0999467088883375,0.0,0.07792633270477664,0.0,-0.022708784077781628
1,0.0,0.16740064318106834,0.0,0.09271390997088502,0.0,0.09920073439433189,0.0,-0.052054843725223496
1,0.0,0.13943074132897432,0.0,0.054422818848491226,0.0,0.029750004584309306,0.0,0.03422645317573272
1,0.0,0.11198441846131084,0.0,-0.02228446063527925,3.0,0.07901161413636389,3.0,0.07901161413636389
1,0.0,-0.014322817429232533,0.0,-0.013757947408249729,0.0,-0.011956021235769856,4.0,0.18003231736357458
1,0.0,0.13018084181050915,0.0,-0.0981970140780309,0.0,-0.09327760096745324,0.0,-0.09557070879400904
1,0.0,0.20164893683616475,0.0,-0.08288769510369753,0.0,-0.08311388047408905,0.0,-0.0798613970348882
1,0.0,0.16927839430862135,0.0,0.10890340945722171,0.0,0.023211332281513748,0.0,0.025763620259548998
1,0.0,0.21693082242490017,0.0,0.014407336817805476,0.0,-0.01939273556761508,0.0,-0.016996752486204036
1,0.0,-0.11411312894452648,0.0,-0.11881220506423751,0.0,-0.11855639308280876,0.0,-0.11926126216976107
1,0.0,0.14719022317263544,0.0,0.05820097042127862,0.0,0.06155950303433338,0.0,0.06712508500101695
1,0.0,0.13530263609576632,0.0,0.036728068972711185,0.0,0.0421946557021585,0.0,0.047464244158553485
1,0.0,0.0861684278954607,0.0,0.0201582507819026,0.0,-0.09415507528994477,0.0,-0.09586356984528203
1,0.0,0.16838423477300016,0.0,0.05909149766662968,0.0,0.06209688801024367,0.0,0.06639748201907733
1,0.0,0.043247742053196515,0.0,-0.01615878048586509,0.0,-0.012024784147159363,0.0,-0.04197740289721978
1,0.0,0.152696279590318,0.0,0.012158701706480568,0.0,0.01956172882454219,0.0,0.02139628413527582
1,0.0,0.10757433958598685,0.0,0.056587475259605016,0.0,-0.006715562408345953,0.0,-0.009559578741119018
1,0.0,0.0006897345213236492,0.0,0.003987244443904936,0.0,-0.006379001361749798,0.0,-0.12538894060161193
1,0.0,0.07048959535942992,0.0,0.07021038472718052,3.0,0.06810092791602781,3.0,0.06317386577899693
1,0.0,0.14842843454856328,0.0,0.12538060721113614,0.0,-0.0047163469033171665,0.0,-0.020286212239149518
1,0.0,0.12887079489372189,0.0,0.03005868888054538,0.0,0.03332344350728083,0.0,0.038227489681788004
1,0.0,0.18974303426033037,0.0,0.11481661793235953,0.0,0.12219452574819689,0.0,0.10114424805788644
1,0.0,0.22575697351090426,0.0,0.12909273248880337,0.0,0.07011326059305946,0.0,0.04309233877422459
1,0.0,0.2374715514969008,0.0,0.10940345906602483,0.0,0.11778218201551197,0.0,0.08253341445500507
1,0.0,0.07937686543016924,0.0,-0.02287164825182821,0.0,-0.09597697074134626,0.0,-0.09516935598225754
1,0.0,0.09781559786706782,0.0,-0.07109423742046589,0.0,-0.09584863846104454,0.0,-0.09770760638288979
1,0.0,0.20219194078979605,0.0,-0.05074806254031968,0.0,-0.04431998946370491,0.0,-0.03895154890694123
1,0.0,0.13096353273553546,0.0,0.07107058806005216,0.0,0.03736686425784704,0.0,0.03915831882806264
1,0.0,0.16219478141826935,0.0,0.07168215370406616,0.0,0.05949528997033834,0.0,0.05664187447933681
1,0.0,0.23349973986222688,0.0,0.09782347516635323,0.0,-0.024580862936449673,0.0,-0.021370670400424865
1,0.0,0.047087764550898296,0.0,0.012514892555736937,0.0,0.015938268070667925,0.0,-0.06626571353387416
1,0.0,0.00425166370607921,0.0,-0.10098019896082136,0.0,-0.10324523973673734,0.0,-0.10491145671375392
1,0.0,0.11675580719839311,0.0,-0.013661208607380303,3.0,0.1228839384423961,3.0,0.1228839384423961
1,0.0,0.04183727124330587,0.0,-0.046528790495540547,0.0,-0.04032990291721715,0.0,-0.040801547002652525
1,0.0,0.14789706078607442,0.0,0.0449985639273245,0.0,0.05044688112243069,0.0,-0.08540086633612114
1,0.0,0.10494973503763862,2.0,0.10271321181432481,2.0,0.0625183710269268,2.0,0.0625183710269268
1,0.0,0.11481734787155644,0.0,-0.021407069372011214,0.0,-0.021907121444313574,0.0,-0.017858593064805025
1,0.0,0.024765722823520308,0.0,-0.06503186721407268,0.0,-0.06589189139966939,0.0,-0.06369932414922726
1,0.0,0.2015582317736431,0.0,0.10481640362861025,0.0,0.11036453383865023,0.0,0.09380863957331799
1,0.0,0.10214807386120213,0.0,-0.06897860012095319,3.0,0.08102099145677323,3.0,0.07614204108720514
1,0.0,0.16352920798058407,0.0,0.06453345186458337,0.0,0.03270841318168711,0.0,0.034502255589916445
1,0.0,0.20292637113904818,0.0,0.1459725995486935,0.0,0.05203901667222384,0.0,-0.00961071797631451
1,0.0,0.25086189402847264,0.0,0.0353001680737296,0.0,0.03328532515141986,0.0,0.03464818315703656
1,0.0,0.17538020750792466,0.0,0.08687967908300233,0.0,0.09445331841780075,0.0,0.026688602585824936
1,0.0,0.08847494360315174,0.0,0.04602690826180953,0.0,0.04837846856309458,4.0,0.14754741192590667
1,0.0,0.12182448082204501,0.0,0.04959035468536886,0.0,0.030064370526570763,0.0,0.03579462876556989
1,0.0,0.06203545805892427,0.0,-0.09569554494947989,0.0,-0.09948188743053404,0.0,-0.10160618111600765
1,0.0,0.100167327228658,0.0,0.072942828963739,0.0,0.07848508043080689,0.0,0.03999888257842795
1,0.0,0.1876540038083397,0.0,0.09868069540842987,0.0,0.01637548054794685,0.0,0.02177622710526257
1,0.0,0.16531731130653574,0.0,0.02822341070199694,0.0,0.03784613634219937,0.0,0.040006118523410183
1,0.0,0.13738886293569863,0.0,0.08249290858688262,0.0,-0.06127876218869234,0.0,-0.05959558076634395
1,0.0,0.17708097399912637,0.0,-0.010763913037585148,0.0,-0.01703369864850761,0.0,-0.03817388863959447
1,0.0,0.19920164946650712,0.0,0.03677227656728365,0.0,0.003970620071591772,0.0,0.010039086067840222
1,0.0,0.10641343161634248,2.0,0.15790543941308968,2.0,0.012636877657877408,2.0,0.012636877657877408
1,0.0,0.16712926130266742,0.0,0.10610164546285089,0.0,0.002484004074754334,0.0,-0.013487955471848816
1,0.0,0.11279558387764757,0.0,0.08228483658663804,0.0,0.013306276648346488,0.0,0.01269890684976313
1,0.0,0.13298803524786368,0.0,0.0754830366247497,0.0,0.07319058611179716,0.0,0.0772264702974569
1,0.0,-0.04750870032128279,0.0,-0.05008793484369124,0.0,-0.048488195345241965,0.0,-0.17508011206179355
1,0.0,0.06564187701013403,0.0,0.025939283316550425,0.0,-0.10847858695857408,0.0,-0.10909796060902874
1,0.0,0.18883801803124942,0.0,0.08025636265562934,0.0,0.0038274352496105233,0.0,-0.032045177581452866
1,0.0,0.17182493699787327,0.0,0.05888471088282176,0.0,0.06531524928884956,0.0,0.07131066871019427
1,0.0,0.21068022941588666,0.0,0.1232648670686887,0.0,0.0693924921047848,0.0,0.07323934975098041
1,0.0,0.1895944128635515,0.0,-0.013337775290280681,0.0,-0.011601706499706531,0.0,-0.006144668804415308
1,0.0,0.009382183554090609,0.0,0.004954048688574447,0.0,0.005268098430615495,0.0,0.006875984774155772
1,0.0,0.076878334453065,0.0,-0.004767014770855522,0.0,-0.0011739326088011021,0.0,-0.07173367892174702
1,0.0,0.13746575782627052,0.0,0.000666588799980546,0.0,0.004821628123144018,4.0,0.14679013770478286
1,0.0,0.1639374772324742,0.0,-0.002717006179441554,0.0,-0.0011052455660114844,0.0,-0.0005228279442126475
1,0.0,0.17950289334558422,0.0,-0.0020456501714868633,0.0,-0.060676500221604465,0.0,-0.059626417354871064
1,0.0,0.05849774264484408,0.0,0.032714147019976686,0.0,-0.0025086264706828216,0.0,7.456260757098039e-05
1,0.0,0.12816664914987402,0.0,0.08946032574456293,0.0,-0.02591351255197913,0.0,-0.023467094952225494
1,0.0,0.1937348609818971,0.0,0.028036342723129624,0.0,0.03300469736809722,0.0,0.035540718594252944
1,0.0,0.1898244765097394,0.0,0.04621366498064071,0.0,0.016243744868850135,0.0,0.021114121784526645
1,0.0,0.17873647058726377,0.0,0.10799085727361181,0.0,0.1153003281508648,0.0,-0.03917702265879281
1,0.0,0.08075611117818111,0.0,0.013136566976677611,3.0,0.10020155943948074,3.0,0.09291300728280667
1,0.0,0.1832716133143206,0.0,0.004400580072795699,0.0,0.009368233824785256,0.0,0.016744977608683383
1,0.0,0.16808831147589334,0.0,0.12081467222810606,0.0,0.12874310798706617,0.0,0.01560572815995564
1,0.0,0.23838820904045344,0.0,0.04906255458288942,0.0,0.054352648069555136,0.0,0.05967275065361395
1,0.0,-0.023444031178603383,0.0,-0.021290102483145387,0.0,-0.018658660932944247,0.0,-0.06501930094128937
1,0.0,-0.07678868591954638,0.0,-0.07666233898282632,0.0,-0.07789768790543164,0.0,-0.08018973630021756
1,0.0,0.150864641033643,0.0,0.018492215396858414,0.0,0.02243220695837944,0.0,-0.1577825955670845
1,0.0,0.020948766079494134,0.0,-0.022073427684544185,0.0,-0.07380709911970458,0.0,-0.07501748410584382
1,0.0,0.17466440907965897,0.0,-0.03239894794080582,0.0,-0.03244735637473703,0.0,-0.02745285769610292
1,0.0,0.10543110128791645,2.0,0.08338877434231368,2.0,0.08110346700030042,2.0,0.05536994619648807
1,0.0,0.22122132523303842,0.0,0.08158174314798354,0.0,0.0821329071938689,0.0,0.08731449865553605
1,0.0,0.07173261642032731,2.0,0.12561259725040286,2.0,0.1245727279179238,2.0,0.009563439466330023
1,0.0,0.09319258921680779,0.0,-0.019496342332317503,3.0,0.21820783866491453,3.0,0.21820783866491453
1,0.0,0.14552707205959525,0.0,0.048923192877612036,0.0,0.01296901825262505,0.0,-0.05722517949459231
1,0.0,0.037210023354388215,0.0,0.010988236662608583,0.0,0.01242070109296743,0.0,-0.17129713763216628
1,0.0,0.17830282110907722,0.0,0.046706588010407224,0.0,0.045035475092896314,0.0,-0.2028435452194229
1,0.0,0.1703168723072622,0.0,0.010062070768256279,0.0,-0.02179262895307871,0.0,-0.04742791684112251
1,0.0,0.13209118097391734,0.0,-0.007674747386757602,0.0,-0.004001844174103347,0.0,-0.0010783329533545793
1,0.0,0.08450943525853724,0.0,0.039996589145187646,0.0,-0.06408138870636677,0.0,-0.06485238311143095
1,0.0,0.18354548293318382,0.0,0.11521513207809769,0.0,0.08533621003839892,0.0,0.08903841818940371
1,0.0,0.2587139117939117,0.0,0.062061247694622394,0.0,-0.020954925317302617,0.0,-0.015273103578104899
1,0.0,0.14381754898688343,0.0,0.07008005854897008,0.0,0.012259644574223353,0.0,0.014354287401882495
1,0.0,0.15767967393050514,0.0,0.07976453030293444,0.0,0.06633731704520617,0.0,0.06916327658255804
1,0.0,0.07197343870389107,0.0,0.019043753252283538,3.0,0.1518206427842811,3.0,0.1304942870432132
1,0.0,0.17928555244630515,0.0,0.07467297969333192,0.0,0.08218584845638317,0.0,0.08742854431669887
1,0.0,0.07419586926936526,0.0,-0.029712852656869838,0.0,-0.030883423443359134,0.0,-0.03018077666192858
1,0.0,0.08655616668145066,0.0,0.0018531994516609498,0.0,0.003483536819150877,0.0,-0.09540851606934868
1,0.0,0.2709170970152348,0.0,0.07085198947739868,0.0,-0.017675933524240912,0.0,-0.015843911888182922
1,0.0,0.2010070860112751,0.0,0.007276496451028849,0.0,0.0017219766650145999,0.0,-0.04352182279463176
1,0.0,0.129429152048759,0.0,0.03404366559875284,0.0,0.036250012196333906,0.0,0.038559639889955734
1,0.0,0.21122658573631495,0.0,0.027294152349475766,0.0,0.02762293389801944,0.0,0.033671096953134645
1,0.0,0.2265013179725731,0.0,0.011363559592130687,0.0,-0.011496324523751156,0.0,-0.00894940843588981
1,0.0,0.24399736705807445,0.0,0.06544379740134901,0.0,0.055678622335698084,0.0,0.06001547855992878
1,1.0,-0.002412271004613218,1.0,-0.008921717341655287,1.0,-0.008921717341655287,1.0,-0.02001828387206605
1,0.0,0.15272454023891324,0.0,0.04059281899257654,0.0,0.046487308756138754,0.0,0.04848605162497595
1,0.0,0.1709996883208506,0.0,0.08229165010228104,0.0,-0.017897556659293466,0.0,-0.017297821763009646
1,0.0,0.09257252795058321,0.0,0.028899801403984057,0.0,0.013532192285786235,0.0,-0.09682967793367774
1,0.0,0.16270405265164403,0.0,0.10028374886330427,0.0,0.07526013692769501,0.0,0.08171762895276849
1,0.0,0.19866253858942756,2.0,0.06944127049964957,2.0,0.06296628068666747,2.0,0.03422990698162124
1,0.0,0.20162254427907808,0.0,0.006191782903091372,0.0,0.0125647574993123,0.0,0.01676127012060665
1,0.0,0.15620117527546762,0.0,0.029694910840101837,0.0,-0.021477438919959173,0.0,-0.016396839593658053
1,0.0,0.08258068367283991,0.0,0.025597983551013916,0.0,-0.019994370581569623,4.0,0.2015381359623599
1,0.0,0.1843617805743361,0.0,0.006265329306659204,0.0,0.007691479251624363,0.0,0.010700274043243899
1,0.0,0.2207167416271266,0.0,0.042051515037980776,0.0,0.04699913817855743,0.0,0.050646101244004954
1,0.0,0.17753446724391417,0.0,0.06111330228379544,0.0,-0.08026103656650438,0.0,-0.07745206908116313
1,0.0,0.049077963206057236,0.0,-0.0025515498627944598,0.0,0.0029496765469244476,0.0,0.007424691640900279
1,0.0,0.16954241917402868,0.0,0.056273568374860805,0.0,0.028967638753975792,0.0,0.03145299785522961
1,0.0,0.20643505044489358,0.0,0.06080777913297433,0.0,0.06676294072812898,0.0,0.014257015892653437
1,0.0,0.17513328633655018,0.0,0.049219586957103933,0.0,0.05281651414945094,0.0,-0.0940250374268386
1,0.0,0.10244718157557957,0.0,0.06910283821241742,0.0,0.0726760363649625,0.0,0.057476537105104294
1,0.0,0.12242671020540201,0.0,-0.033566251283208906,0.0,-0.029132168610396497,0.0,-0.02683348696361957
1,0.0,0.14645453524694568,0.0,0.08777268931182323,0.0,0.09276776627329439,0.0,-0.19742266917849272
1,0.0,0.08985864295365967,0.0,-0.026442937099391613,0.0,-0.02662363010413868,0.0,-0.023844897064976753
1,0.0,0.0643125471857758,2.0,0.023151328109569606,2.0,0.009714885828988003,2.0,-0.039565767448212136
1,0.0,0.2141850169266985,0.0,0.083113609119412,0.0,0.011091989555448507,0.0,0.016220545874860083
1,0.0,0.03506277145016995,0.0,0.038912229757798414,0.0,0.04108972011004927,0.0,0.007182333491838148
1,0.0,0.1678331630776979,0.0,0.04956997896623347,0.0,0.01100114690290036,0.0,0.015110081732706728
1,0.0,0.12216156073795954,0.0,0.06218350372238103,0.0,0.0662752176670379,0.0,0.03188046932435805
1,0.0,0.10564100418510863,0.0,-0.018103632401466473,0.0,-0.11462392917711905,0.0,-0.11296092150815114
1,0.0,0.1140134282346855,0.0,0.09856356665899754,0.0,0.049446531280286435,0.0,0.04256132865890373
1,0.0,0.2139946391313746,0.0,0.0031855084538710164,0.0,0.005057300147753916,0.0,0.009123376233220236
1,0.0,0.08522761968122869,0.0,0.09208509116799483,0.0,-0.05611181727923527,0.0,-0.05481858489202134
1,0.0,0.17734570887501236,0.0,0.09617107606047236,0.0,0.10346267877768354,0.0,0.10738926073463463
1,0.0,0.11925135856953238,0.0,0.09209319403850405,0.0,0.10044911943463976,0.0,0.05447866205303985
1,0.0,0.1920217644218215,0.0,0.008422011198614741,0.0,0.012128577335316498,0.0,0.014295780464712037
1,0.0,0.07824376805935696,0.0,0.047091647070683355,0.0,-0.002920144370503304,0.0,-0.001832058459670468
1,0.0,0.2674485539232866,0.0,0.13520870457245243,0.0,0.09399083269253564,0.0,0.08357284404120108
1,0.0,0.1515098937485543,0.0,-0.03228011127556754,0.0,-0.03246611015240024,0.0,-0.029892432963505012
1,0.0,0.19993686517985634,0.0,0.0551120895817686,0.0,-0.018817916235925766,0.0,-0.028521067478093846
1,0.0,0.18618087623549168,0.0,0.004537048916636079,0.0,0.0062889300096137775,0.0,0.007888409284814964
1,0.0,0.16633814764783916,0.0,0.0559914444833828,0.0,0.06024140758676533,0.0,0.06372480941910476
1,0.0,0.12781451034717634,0.0,-0.019704843866903764,0.0,-0.01719163910507157,0.0,-0.054912637093041824
1,0.0,0.14072027084120864,0.0,-0.02739742243009919,0.0,-0.04191111326130522,0.0,-0.03896535957139887
1,0.0,0.18124409810816378,0.0,0.03402262762318062,0.0,0.035265760099669155,0.0,0.03790415560843189
1,0.0,0.14466069640416426,0.0,0.05244083003888798,0.0,-0.010417165665079709,0.0,-0.003957474534654466
1,0.0,0.1267284676968607,0.0,-0.06543294175948054,0.0,-0.08103510840112893,0.0,-0.08331920370229534
1,0.0,0.2672262080055224,0.0,0.13597948912570545,0.0,0.0411411748810792,0.0,0.04615188541277396
1,0.0,0.12852658740520453,0.0,0.04644711450363948,0.0,0.049719436754168594,0.0,-0.059492685831277745
1,0.0,0.23452154838235836,0.0,0.12220557355305378,0.0,0.10420735959242458,0.0,0.01600216691746879
1,0.0,0.1844271077445349,0.0,0.0353376397267222,0.0,0.033399633256544166,0.0,-0.026737950802117837
1,0.0,0.2157085882711309,0.0,0.14464663657481572,0.0,0.07314448056036453,0.0,0.04751409508812465
1,0.0,0.025762119642784354,0.0,0.03158093458021363,0.0,0.03414625882909062,0.0,0.011168165097428281
1,0.0,0.16275657522516523,0.0,-0.06055715634478872,0.0,-0.060279414819943686,0.0,-0.056906668534894816
1,0.0,0.07951791916434171,0.0,0.05563924741703624,0.0,0.06270198671611246,4.0,0.15441329026152556
1,0.0,0.021050729662410186,0.0,0.024004505658192666,0.0,-0.0805508946668382,0.0,-0.07811890617247698
1,0.0,0.15738488253122962,0.0,0.11802733663031972,0.0,0.1129500284426006,0.0,0.09797924848125454
1,0.0,0.20395172174907908,0.0,0.11314218414405296,0.0,-0.04995502406490287,0.0,-0.04429427920083156
1,0.0,0.1205779390689811,0.0,0.07819056376043179,0.0,-0.00927649868793718,0.0,-0.008418123258840391
1,0.0,0.08800428522661632,0.0,-0.06704388273070214,0.0,-0.06192984157277935,0.0,-0.06005509665374254
1,0.0,0.06390407444613998,0.0,0.044614552035351696,0.0,-0.08517511860351334,0.0,-0.08711338148894206
1,0.0,0.12016202021584829,2.0,0.024955657976777266,2.0,0.02380661262675061,2.0,0.021169448764027585
1,0.0,0.07151322797489645,2.0,0.022664594037070506,2.0,-0.013941696606421009,2.0,-0.013941696606421009
1,0.0,0.23137501483879117,0.0,0.038180184772516904,0.0,0.008497669675484452,0.0,0.010555222942709108
1,0.0,0.06677307418350817,0.0,-0.06537774300445345,0.0,-0.06765503923662794,0.0,-0.06254891501277746
1,0.0,0.19552440551333453,0.0,-0.013271142832320143,0.0,-0.011857170484529922,0.0,-0.006386360236591661
1,0.0,0.1429172444043845,0.0,-0.046636715063840005,0.0,-0.04299317606003531,0.0,-0.042955548776083326
1,0.0,0.09859724367091069,0.0,-0.015756064874019968,3.0,0.20269664965749257,3.0,0.20269664965749257
1,0.0,0.16381319559715565,0.0,0.0518520804122263,0.0,-0.0977870373674748,0.0,-0.09588431922033977
1,0.0,0.08327570832432918,0.0,-0.021785995886139532,0.0,-0.03283839502488599,0.0,-0.07516390754710366
1,0.0,0.2129555287323905,0.0,0.019825164390707663,0.0,0.025172677684518655,0.0,0.027580596994478214
1,0.0,0.18619026329992913,0.0,-0.004850356014475183,0.0,-0.0022416554614607784,0.0,-0.00045086670933884923
1,0.0,0.19113936199904497,0.0,0.03758069134131445,0.0,0.04127859742797656,0.0,0.04174835623893147
1,0.0,0.09634250344014662,2.0,0.1452965664665229,2.0,0.14357911168316798,2.0,0.10712149866694108
1,0.0,0.061791397482846906,0.0,0.022333737457818335,0.0,-0.0248287628608591,0.0,-0.04669659916839948
1,0.0,0.1655650366182935,0.0,0.03531256487588322,0.0,-0.012921345428798501,0.0,-0.039556656664938156
1,0.0,0.14511682191237882,0.0,-0.11559579727389718,0.0,-0.11670559324325282,0.0,-0.11509683150705725
1,0.0,0.19804416662167995,0.0,0.09294780199923187,0.0,0.06297352675217646,0.0,0.06663713060451425
1,0.0,0.12160659447990095,0.0,0.036795184319651855,3.0,0.09878584006709679,3.0,0.04119377217053843
1,0.0,0.029410281731196874,0.0,-0.06205151432779246,0.0,-0.06302421988369343,0.0,-0.0629572685417626
1,0.0,0.11172796861858975,0.0,0.0008932584362362386,0.0,0.0026305547552261978,0.0,-0.04824833358686157
1,0.0,0.1255572784418712,0.0,0.06339477806975427,0.0,0.057889471433429325,0.0,0.06124589581176716
1,0.0,0.0862698796476898,0.0,0.007056870816660809,0.0,0.007465557463917755,0.0,-0.12886117343135123
1,0.0,0.06027601172026135,0.0,0.011229489999366907,0.0,-0.0611425407835443,4.0,0.14842873638200113
1,0.0,0.10026874657793898,0.0,0.09333224661583084,0.0,-0.026956614932156963,0.0,-0.056390763458254715
1,0.0,0.10474678993148473,0.0,0.03184715332347316,0.0,0.04148018429990642,0.0,-0.003016992445034167
1,0.0,0.1355697398322009,0.0,-0.018178775077440784,0.0,-0.01820811567372358,4.0,0.15841787726326872
1,0.0,0.1756107407179746,0.0,-0.047415182801245605,0.0,-0.04965776890368507,0.0,-0.04947109622510881
1,0.0,0.1524669912148825,0.0,0.08258012304169741,0.0,0.09090631633876695,0.0,-0.10633687391512127
1,0.0,0.13152406197056934,0.0,-0.008482706533595256,0.0,-0.030799169958886128,0.0,-0.026400369250877256
1,0.0,0.14652601829738232,0.0,-0.03859099857262257,0.0,-0.1169043370926776,0.0,-0.1187997028956563
1,0.0,0.09383750426553308,0.0,0.00413368124027058,0.0,-0.017753818405941132,0.0,-0.015533673612371752
1,0.0,0.13826296803021862,0.0,0.014323615569992735,0.0,0.017179556489988524,0.0,0.01971222830578669
1,1.0,0.027845721910858483,1.0,0.026454657749149613,1.0,0.022295564358655866,1.0,-0.08618872105492485
1,0.0,0.26633407487517474,0.0,0.008115956788160473,0.0,0.012415971207977217,0.0,0.01451191117726905
1,0.0,0.1455335303838884,0.0,-0.007321415114779005,0.0,-0.06968400973922263,0.0,-0.07052162328230968
1,0.0,0.17879930881933484,0.0,0.0980961523133705,0.0,0.030701038960245588,0.0,0.03561897912843967
1,0.0,0.13715777269374843,0.0,0.0353822243947527,0.0,-0.0842841082201159,0.0,-0.11505728621077013
1,0.0,0.11744915040576254,0.0,0.028273919341277248,0.0,-0.07281226092792378,0.0,-0.12401650727480076
1,0.0,0.008833541952134517,0.0,-0.04463073313224653,0.0,-0.04630909220364353,0.0,-0.04393228230230474
1,1.0,-0.07355489999432717,1.0,-0.07804854570075116,1.0,-0.08071408776476652,1.0,-0.08164522387108383
1,0.0,0.211798651652315,0.0,0.0682233014592989,0.0,0.07252153445013448,0.0,0.047543287794373654
1,0.0,0.06472401216069326,0.0,0.019305500905745003,0.0,0.020970289982266268,0.0,0.02480066157561843
1,0.0,0.029626203904962595,0.0,0.009232632844453232,0.0,0.011364828348039058,0.0,0.012716382829097138
1,0.0,-0.055425514704014106,0.0,-0.05778874813898693,0.0,-0.137516059499587,0.0,-0.1416703168059584
1,0.0,0.10161661049817987,0.0,0.02526681227474497,0.0,-0.11340668123414059,0.0,-0.11362020617069939
1,0.0,0.2755832852614888,0.0,0.11085643164399453,0.0,0.06834396566681013,0.0,0.07201529950890867
1,0.0,0.19058680180491913,0.0,0.1756443387597932,0.0,0.14891322612002486,0.0,0.059387005898616105
1,0.0,0.1685363670969978,0.0,0.010064318270949526,0.0,0.011978508305958618,0.0,-0.08274245611994233
1,0.0,0.18826425115621429,0.0,0.09880802877005619,0.0,0.10659328887914148,0.0,-0.055314542169515285
1,0.0,0.03522412262084295,2.0,0.07828520188968295,2.0,0.0708953736229198,2.0,0.06433829583598309
1,0.0,0.11467500103013496,0.0,-0.051206208614536924,0.0,-0.053526842176047106,0.0,-0.0508996769788322
1,0.0,0.20140917473923756,0.0,0.06372639109645602,0.0,0.07004385441668202,0.0,0.07661581980856157
1,0.0,0.13100822988608737,0.0,0.024323143319125343,0.0,0.028283948580415233,0.0,0.0005917021098315139
1,0.0,0.03376803725679166,0.0,0.01729431049390358,0.0,-0.07509862021189909,0.0,-0.0756865463355172
1,0.0,0.20757915477949337,0.0,0.11213309156776119,0.0,0.061879660732040265,0.0,-0.009450539359986035
1,0.0,0.10173442484186491,0.0,-0.054472246275178,0.0,-0.05155274808327453,0.0,-0.047848636302511884
1,0.0,0.15192941368485444,0.0,0.10763911610551248,0.0,0.07486613117057096,0.0,-0.09211949695260785
1,0.0,0.01776990002847841,0.0,-0.019500935421077857,0.0,-0.019478172101761327,0.0,-0.030748083392689474
1,0.0,0.1173512175225395,0.0,0.06725316295190908,0.0,-0.002744369776828833,0.0,-0.015542504884643408
1,0.0,0.17946187157869709,0.0,0.022027987858379994,0.0,0.027152790328644174,0.0,0.028530513777142122
1,0.0,0.21593106186212924,0.0,0.04948734545501554,0.0,0.05514243406863594,0.0,0.0578838885233547
1,0.0,-0.022274385266956513,0.0,-0.019996452443733496,0.0,-0.019484063210838475,0.0,-0.13555305624959968
1,0.0,0.14384108877742724,0.0,-0.0014512351193977796,0.0,-0.05904862432078897,0.0,-0.060241532565168676
1,0.0,0.1360627502049739,0.0,-0.11577461654442746,0.0,-0.1132126430552035,0.0,-0.1108156713769951
1,0.0,0.1997131224610036,0.0,0.0689661406084793,0.0,0.03113333778765826,0.0,0.034470003712524316
1,0.0,0.10779299017530096,0.0,0.009949466355909138,0.0,0.011273630748978759,0.0,0.012677389678606123
1,0.0,0.13355233881234796,0.0,0.13129124380793547,0.0,-0.08667546158653497,0.0,-0.08471225285887106
1,0.0,0.07358218878203811,0.0,0.0005282172699361749,0.0,-0.07206709046342662,0.0,-0.07199924683615318
1,0.0,0.04622720328238814,0.0,0.04611618773314281,0.0,0.004713680372555911,0.0,-0.07667252748641432
1,0.0,0.17608322457686568,0.0,0.06448916531490599,3.0,0.05407271731143074,3.0,0.05285766343649848
1,0.0,0.13163867569454998,0.0,0.05919141230385259,0.0,-0.05322645462924615,0.0,-0.053412142924298696
1,0.0,0.1711467705087067,0.0,0.09047835938544523,0.0,0.08716218468084473,0.0,0.021858220581364052
1,0.0,0.25256982981233694,0.0,0.05742196939212301,0.0,0.06073415883050095,0.0,0.06747483341185352
1,0.0,0.07179226598936879,0.0,0.07693690034950175,0.0,0.08134580412332532,0.0,0.051801912435330444
1,0.0,0.1309038684259901,0.0,0.04060365174806766,0.0,0.04378679059111312,0.0,0.048312605367875225
1,0.0,0.14227981852245958,0.0,0.07780107167350789,0.0,0.08364056137139803,0.0,0.04589943539963271
1,0.0,0.11684631521549811,0.0,-0.003929470774637291,0.0,-0.006364083662280152,0.0,-0.0011211152686172003
1,0.0,0.15871308447110874,0.0,0.12315716660266718,0.0,0.005373726372878012,0.0,0.009434678682969223
1,0.0,0.25255976190425283,0.0,0.11603575770330771,0.0,0.11572693826006668,0.0,0.008354283524181811
1,0.0,0.19944265078689735,0.0,0.06212341273705385,0.0,0.06101031296573933,0.0,-0.018768966774325813
1,0.0,0.06775708330390959,0.0,-0.10959609770199474,0.0,-0.11318902718207204,0.0,-0.11287101478315885
1,0.0,0.14096163328165626,0.0,-0.024630073082724312,0.0,-0.01853194334365553,0.0,-0.016961632581250236
1,0.0,0.24376764585183494,0.0,0.0681720167730732,0.0,-0.02825416065564029,0.0,-0.020301807540519003
1,0.0,0.17453076943030668,0.0,0.061128592554369324,0.0,0.058331823856258624,0.0,-0.06191062087516621
1,0.0,0.1675939905406608,0.0,0.04898622418381591,0.0,-0.01792791912168891,0.0,-0.012251320014673415
1,0.0,-0.14620619325290762,2.0,-0.06516370881816266,2.0,-0.06516370881816266,2.0,-0.06516370881816266
1,0.0,0.06181563161448228,0.0,-0.051290580182169816,0.0,-0.05085096448469533,0.0,-0.046524766805333656
1,0.0,0.09811376608598513,0.0,-0.07723317351048849,0.0,-0.0754371028653008,0.0,-0.07253284704336906
1,0.0,0.23000755041194879,0.0,0.07728743892867829,0.0,0.015496956989554288,0.0,0.020639704894850144
1,0.0,0.152661066575016,0.0,-0.0017619127626108105,0.0,-0.00036461659443940504,0.0,-7.350591238011065e-05
1,0.0,0.10717516758164536,0.0,-0.02163935169504878,3.0,0.1573047990878265,3.0,0.11573936363401792
1,0.0,0.13642708702978584,0.0,0.1071043572462374,0.0,0.06470829793235072,0.0,-0.040249575152065925
1,0.0,0.06438644601979973,0.0,0.012513777050937753,0.0,0.01458112474166706,4.0,0.0849194108096081
1,0.0,0.14437356133861978,0.0,0.06732860045455397,0.0,0.07118819621439716,0.0,-0.1082789356235292
1,0.0,0.07411466995771473,0.0,0.05838093635305073,0.0,0.06097643341464134,0.0,0.03603314790020354
1,0.0,0.06212001346899872,0.0,-0.007134973003471566,0.0,-0.009316887553116257,0.0,-0.0069371176221749665
1,0.0,0.033177310655206835,0.0,0.03768331400693588,0.0,0.04088286784637424,0.0,0.007147297601716379
1,0.0,0.06229804400585634,0.0,0.06139406883466746,0.0,0.014536316636244342,0.0,0.017150534143255996
1,0.0,0.23594707517540195,0.0,-0.01472177831172014,0.0,-0.012072830396428053,0.0,-0.008100441823125843
1,0.0,0.1440566875740765,0.0,0.0417614121742217,0.0,0.046424434468244534,0.0,0.04503105575279919
1,0.0,0.2418157791356464,0.0,0.09541291159208994,0.0,0.062088116183598496,0.0,0.03460664759247428
1,0.0,0.05486931320128182,0.0,-0.014593297962864054,3.0,0.11625307174030658,3.0,0.11625307174030658
1,0.0,0.18319725310496576,0.0,0.10216089005706608,0.0,0.0679653547390442,0.0,0.07073522317751546
1,0.0,0.030539106164410343,0.0,-0.03257719530010839,0.0,-0.03388607479376668,0.0,-0.04240589826050979
1,0.0,0.20592341910189516,0.0,-0.010764874968642549,0.0,-0.09315342921613332,0.0,-0.09056313984676316
1,0.0,0.24180617435370164,0.0,0.07772563744931353,0.0,0.018919785996533885,0.0,0.021197242412307176
1,0.0,0.09399548512363406,0.0,0.07714467779606755,0.0,0.023545398174471387,0.0,-0.07190660277183535
1,0.0,0.1635686861451445,0.0,0.023431991450891393,0.0,0.024783673712724934,0.0,-0.021493558287628656
1,0.0,0.0008430971249693623,0.0,0.0019525038691242552,0.0,-0.010311672538154347,0.0,-0.010135701408519295
1,0.0,0.09064005957295224,0.0,0.0972159066761202,0.0,0.041746676041441146,0.0,-0.03648379178900292
1,0.0,-0.001176307951151315,0.0,-0.050673904119599066,0.0,-0.12005860187304461,0.0,-0.11822418102828167
1,0.0,0.09962048485227558,0.0,0.06772438078454694,0.0,0.03820671465103984,0.0,0.017146380775911383
1,0.0,0.0480548374648704,0.0,-0.01978787273034327,0.0,-0.02037557378850999,0.0,-0.11150867507916054
1,0.0,0.2200251124131334,0.0,0.10649403936420909,0.0,-0.03864706941952855,0.0,-0.03214357253635542
1,0.0,0.012071139425361806,0.0,0.013648211097436105,0.0,0.014164102533867339,0.0,-0.0002744394825332314
1,0.0,0.11493977765816031,0.0,0.040918427873545216,0.0,0.035735235585106946,0.0,-0.18010815967182595
1,0.0,0.19151435238197625,0.0,-0.009502930600363991,3.0,0.1280213119468692,3.0,0.1280213119468692
1,0.0,0.12827101511867897,0.0,-0.10423805747108474,0.0,-0.10393451174423939,0.0,-0.09923903105203699
1,0.0,0.1463857327834629,0.0,0.0939357833397691,0.0,-0.01719432080806877,0.0,-0.02730970467035705
1,0.0,0.07031037002860492,0.0,-0.06025634960073632,0.0,-0.05688643020955441,0.0,-0.05808356984919402
1,0.0,0.1041360001428419,0.0,-0.013683981964569537,0.0,-0.011161265637666633,0.0,-0.11516785986239116
1,0.0,-0.1265155559971138,0.0,-0.12701430274172693,0.0,-0.14587919335535873,0.0,-0.14511263336297808
1,0.0,0.08359893767659861,0.0,-0.005726919772676778,3.0,0.10817858481272644,3.0,0.060354446365555606
1,0.0,0.21424481108192836,0.0,0.02250542073021947,0.0,-0.036296149567331626,0.0,-0.030834250227121676
1,0.0,0.13260600790747706,0.0,0.03276881985082852,0.0,0.009590496644637464,0.0,-0.03599650793194741
1,0.0,0.08592773496533163,0.0,0.044711505520139284,0.0,0.05095428500539545,0.0,0.027975576199555614
1,0.0,0.12295430126311535,0.0,-0.07474104648179218,0.0,-0.07723086316446165,0.0,-0.07640179282696305
1,0.0,0.09709317738585108,0.0,0.0730051360814196,0.0,0.019811181754239432,0.0,0.02236745425671708
1,0.0,0.18004554226516403,0.0,0.0902436682353629,0.0,0.0842396783382292,0.0,0.0892215470199117
1,0.0,0.08712534136357157,0.0,-0.016035777258971817,0.0,-0.04239154926281823,0.0,-0.03846370436448238
1,0.0,0.1618053689958725,0.0,-0.0038093441888027374,0.0,-0.09929387121918566,0.0,-0.09842831931451931
1,0.0,0.07220206731868664,0.0,0.053334296826697866,0.0,0.05782366346058158,0.0,-0.11811892282744946
1,0.0,0.18073325083994476,0.0,0.16049628256552434,0.0,-0.023845749242784677,0.0,-0.020465502456676932
1,0.0,0.22856462001162126,0.0,0.011744347679234775,0.0,-0.004674491555482276,0.0,0.0012643731840736366
1,0.0,0.1877564701519405,0.0,0.05086711606195159,0.0,0.0341046687142625,0.0,0.04045243280811633
1,0.0,0.05765779951645657,0.0,0.024710199873588145,0.0,0.02715337303226524,0.0,0.017132548663534322
1,0.0,0.04039130046019528,0.0,-0.03392439551158843,0.0,-0.03000189511447821,0.0,-0.08063970295279246
1,0.0,0.1017933855731084,0.0,-0.03688440571354725,0.0,-0.03756640932808173,0.0,-0.03782320817462274
1,0.0,0.045778000235999254,0.0,0.04400799102867521,0.0,-0.052785439908939226,0.0,-0.12581634952717669
1,0.0,0.2161921848927117,0.0,-0.014796234661785533,0.0,-0.01161087982796529,0.0,-0.0043804048524702125
1,0.0,0.113705493256608,0.0,-0.009995238654487681,0.0,-0.002389013643303214,0.0,0.003592956497921484
1,0.0,0.08202013834271492,0.0,-0.07389618799237403,0.0,-0.07229693153382168,0.0,-0.07302187079043738
1,0.0,0.0642492358385357,0.0,0.0421988323104847,0.0,0.047607562929917344,0.0,0.04941850198598357
1,0.0,0.13821390510178463,0.0,0.07847663502777265,0.0,0.07248857125145713,0.0,-0.011969721200190804
1,0.0,0.12023947398612352,0.0,-0.060516841885707134,0.0,-0.06124241587394745,0.0,-0.06141908354289051
1,0.0,0.057366768185462234,0.0,-0.03359431545428446,0.0,-0.13170034628861357,0.0,-0.13105551384032163
1,0.0,0.01566610864349327,0.0,-0.026639769327005212,0.0,-0.025676046877706714,0.0,-0.0979541807233608
1,0.0,0.06153295123861901,0.0,0.024593331891267566,0.0,-0.07825929487736988,0.0,-0.07645834320025749
1,0.0,0.23348156066705333,0.0,0.03801101772237546,0.0,-0.05704096870564892,0.0,-0.056531174043277704
1,0.0,0.2101637604109282,0.0,0.13198128868042264,0.0,0.09808553894138763,0.0,0.08350914828155466
1,0.0,0.0853238291432437,0.0,0.03496938694426565,0.0,-0.04454157090370711,0.0,-0.09864507687570721
1,0.0,0.16736935883235704,0.0,0.07950324256542238,0.0,-0.049530666240944744,0.0,-0.0725524913512258
1,0.0,0.019439016346363157,0.0,0.013136617381863553,0.0,-0.02662013953869206,4.0,0.21539579935292477
1,0.0,0.11833188145580538,0.0,0.02874590226596679,0.0,-0.023026126956030013,0.0,-0.023698618121729777
1,0.0,0.15419390485077297,0.0,0.09101257047344763,0.0,0.09778184212910021,0.0,0.07395725441246974
1,0.0,0.2318035694947545,0.0,0.13948896192329477,0.0,0.1280911230962278,0.0,0.020943064349724223
1,0.0,0.08711629800224346,0.0,0.05501239373907049,0.0,0.015479133579704566,4.0,0.21421418773611178
1,0.0,0.02395436034418713,0.0,-0.0595947818021715,3.0,0.10573712850772596,3.0,0.10573712850772596
1,0.0,0.24382367317976872,0.0,0.0468906368358307,0.0,0.050754764188286616,0.0,0.051029189544953585
1,0.0,0.03647854864138553,0.0,0.04018323491820032,0.0,0.0012769412977372404,0.0,-0.13387906620514656
1,0.0,0.13851983104801838,0.0,0.05254175677512194,0.0,0.05588309902003896,0.0,0.058034615057232286
1,0.0,0.010646366503017837,0.0,-0.12566380150980425,0.0,-0.12638208800765235,0.0,-0.13018032243769195
1,0.0,0.07656236665389458,0.0,-0.011592966268013094,0.0,-0.011984838312706915,4.0,0.1291746383298403
1,0.0,0.15086093132338052,0.0,0.03396499404081787,0.0,0.04154841424341808,0.0,0.04581701837896642
1,0.0,0.1643932332330801,0.0,0.0832873881048652,0.0,0.053392796654042424,0.0,0.030241425904141906
1,0.0,0.10896926526025487,0.0,0.07199486924729301,0.0,0.025006898277345726,0.0,-0.011467271232835035
1,0.0,0.18592171399836324,0.0,0.13060741091098835,0.0,0.13883704466376948,0.0,0.02891053408389166
1,0.0,0.19896513234637858,0.0,-0.05464179797052179,0.0,-0.05224866787475008,0.0,-0.04456025223174462
1,0.0,-0.018784664723075852,0.0,-0.014818655193780804,0.0,-0.012043420523955057,0.0,-0.01061168925562096
1,0.0,0.16896312582929612,0.0,-0.004619194682289879,0.0,2.1043674203628114e-06,0.0,0.0033330359848252255
1,0.0,0.11991013019043632,0.0,-0.04470924422176929,0.0,-0.040667115461063504,0.0,-0.03678380985111347
1,0.0,0.02761091347687909,2.0,0.09898233338188972,2.0,0.08949263189203649,2.0,0.08949263189203649
1,0.0,0.17776696298402953,0.0,0.12254523874658597,0.0,0.09363810473051878,0.0,0.03444236570561551
1,0.0,0.15824240831590794,0.0,0.11066868513255028,0.0,0.01008155695499301,0.0,0.012576055793070511
1,0.0,0.1320329285771203,0.0,0.08839410753856453,0.0,0.09550631678073518,0.0,-0.0032605941263539086
1,0.0,0.18133516106768593,0.0,0.012305852499190193,0.0,0.01770963407628911,0.0,0.018562342666713215
1,0.0,0.23847949170504948,0.0,0.0495164902957244,0.0,0.055026087099618544,0.0,0.057790694435398866
1,0.0,0.23107016539343067,0.0,0.043877183189723855,0.0,0.04796852362830882,0.0,0.052291062850162454
1,0.0,0.16404628508240943,0.0,0.1388786892412362,0.0,0.08936551250107395,0.0,0.011262219233811816
1,0.0,0.19110226322121757,0.0,0.1490720682269712,0.0,0.09668977404706981,0.0,-0.09264789397374333
1,0.0,0.23710958206609883,0.0,0.030794648533488813,0.0,0.034674183045319704,0.0,0.0375123439086871
1,0.0,0.04802046452015615,0.0,-0.06118587722169107,3.0,0.0596084691242573,3.0,0.0596084691242573
1,0.0,-0.008880599758514114,0.0,-0.00931061210303768,0.0,-0.02250316528809399,0.0,-0.04197858592561396
1,0.0,0.05616509338856747,0.0,-0.037947438269948654,0.0,-0.03737503738962634,0.0,-0.035160296697484376
1,0.0,0.1535778724088384,0.0,-0.0061625316015664535,0.0,-0.000916992979599824,0.0,0.005687374778196353
1,0.0,0.1536146222060899,0.0,0.022259286465568368,0.0,0.02346701100459953,0.0,0.024554255080020414
1,0.0,0.19143494881596812,0.0,0.1360927488149715,0.0,0.10726287795661375,0.0,0.07870911278508677
1,0.0,0.13193552911508824,2.0,0.0952611088916499,2.0,0.09301911271420708,2.0,0.031044369539692845
1,0.0,0.20760050038331498,0.0,0.16958001685326057,0.0,0.12490728182764067,0.0,0.061372513215539826
1,0.0,0.21565388425381296,0.0,0.06533224881096103,0.0,0.06882864840942306,0.0,-0.044509416264765796
1,0.0,0.04137295640123137,0.0,0.0446303188560225,0.0,0.04796761680950837,0.0,0.05089562699867917
1,0.0,0.13202158410291093,0.0,0.023948862385214865,0.0,-0.0774525183681219,0.0,-0.0719729577497481
1,0.0,0.1258655035667166,0.0,0.03269480642875853,0.0,0.039343773976256366,0.0,-0.08088808839273715
1,0.0,0.18471463674095268,0.0,-0.05299145063275844,0.0,-0.0526229012787112,0.0,-0.048737755479381674
1,0.0,0.2632565106442418,0.0,0.08997808617171675,0.0,0.0974022835878942,0.0,0.09926463844814633
1,0.0,0.12915440056258737,0.0,0.11725638205834847,0.0,0.1233413206916437,0.0,-0.015780063885491167
1,0.0,0.219938157734001,0.0,0.12608772913747465,0.0,0.08798794271186038,0.0,0.01613471508433588
1,0.0,0.2342424208849413,0.0,0.04707678319942205,0.0,0.05278002633301178,0.0,0.03422973535107996
1,0.0,0.10903463855645189,0.0,-0.05969611017791453,0.0,-0.11785765406631507,0.0,-0.11431085904938357
1,0.0,0.13537412788368325,0.0,0.043760338020392836,0.0,0.013601416343361716,0.0,-0.1609965117594457
1,0.0,0.15595633662930783,0.0,-0.006847654746842675,0.0,-0.005594772609251144,0.0,-0.0035009870255961616
1,0.0,0.17540764959070881,0.0,-0.08852895524286848,0.0,-0.0857196498396541,0.0,-0.0827046840913255
1,0.0,0.096636864657802,0.0,0.0661096073958048,0.0,0.016907431984917863,0.0,-0.012082154067857035
1,0.0,0.156579939496374,0.0,0.014383335725430466,0.0,0.016660276760111423,0.0,0.019224230837767843
1,0.0,0.12337646391713658,2.0,0.09959291518596995,2.0,-0.02221029002991779,2.0,-0.02221029002991779
1,0.0,0.14229410063955517,0.0,0.045644985012939315,0.0,0.023364999173953196,0.0,0.029846584929618093
1,0.0,0.1773473176651389,0.0,-0.03903036851632966,0.0,-0.03732918985468002,0.0,-0.03256431640595092
1,0.0,0.12872008623972603,0.0,0.1344779655812852,0.0,0.01856966427089848,0.0,-0.01403755443364984
1,0.0,0.19953734259795378,0.0,-0.045628809320172097,0.0,-0.04440541462085301,0.0,-0.043520993113853434
1,0.0,0.11295020512121545,0.0,-0.11608190230963328,0.0,-0.11546764684497247,0.0,-0.11248868879087591
1,0.0,0.1853376238842975,0.0,-0.023975159359623934,0.0,-0.02468308598547838,0.0,-0.024033973356612795
1,0.0,0.13059762125498478,0.0,-0.013229646780607956,3.0,0.07088809840759926,3.0,0.07088809840759926
1,0.0,0.17404249800696514,0.0,0.09096557331778041,0.0,0.025179626524668708,0.0,-0.0046067162841524475
1,0.0,-0.027009094350297427,0.0,-0.025761605461548574,0.0,-0.06050016438134516,0.0,-0.06074622858450849
1,0.0,-0.019555239207584993,0.0,-0.016957363174639608,0.0,-0.015908020289303253,0.0,-0.015069807915966089
1,0.0,0.03321287634478696,0.0,1.9243227013912258e-05,0.0,0.002933267113620058,0.0,0.003477391266088684
1,0.0,-0.006318655052435204,0.0,0.0006076591354810221,0.0,0.0024033436679334326,0.0,-0.04294171316046631
1,0.0,0.08942337302172368,0.0,0.07387719012812514,0.0,0.07891983929319535,0.0,0.01486368088641468
1,0.0,0.1174634316632314,0.0,0.08998902853748687,0.0,0.08616760113093379,0.0,-0.037384515801550826
1,0.0,0.01673558979320485,0.0,0.018993684051100045,0.0,-0.003186151046995765,0.0,-0.0004360603654847327
1,0.0,0.16587077979644835,0.0,0.03756454594973133,0.0,0.041987345249552915,0.0,0.04718285006998846
1,0.0,0.18327819294082912,0.0,0.08958518995961538,0.0,0.024759696692104573,0.0,0.026806396038395464
1,0.0,0.14190238809592795,0.0,0.019340284241118336,0.0,0.021211621433946313,0.0,0.02488901206551266
1,0.0,0.016685871564236017,0.0,-0.02224051911607874,0.0,-0.09436919709633046,0.0,-0.09209547566181346
1,0.0,0.18686460414655237,0.0,0.055271514138132354,0.0,0.0615917901947816,0.0,0.06436624386190165
1,0.0,0.21970252988761169,0.0,-0.0030629950793972295,0.0,-0.0036680654670010245,0.0,-0.0003543623629298834
1,0.0,0.08893028885469693,0.0,0.05885300412799226,0.0,-0.0037972978283998156,0.0,-0.03186716991689904
1,0.0,0.1582950572601455,0.0,0.06689342829547075,0.0,-0.04580282447842741,0.0,-0.04313433006177808
1,0.0,0.15112844208302614,0.0,0.11510908960581796,0.0,0.026641169594011523,0.0,-0.13435276176300148
1,0.0,0.12192128640447568,0.0,-0.021518711270376436,0.0,-0.020983890371109322,0.0,-0.01709887489725272
1,0.0,0.11327243775100691,2.0,0.10883953351125236,2.0,0.10660712626804844,2.0,0.05822986874788394
1,0.0,0.10166054906303064,0.0,0.08351800247862484,0.0,0.08973654635535092,0.0,-0.1199568208513846
1,0.0,0.1808213378780048,0.0,0.037437742087414766,0.0,0.017275211400273997,0.0,0.01815385655205765
1,0.0,0.1809590601465502,0.0,0.09135381038127371,0.0,0.09660655752870084,0.0,0.10115430994564936
1,0.0,0.11463184039867083,0.0,0.05450606029645011,0.0,-0.04542482653582788,0.0,-0.04462980555227051
1,0.0,0.21494944405532707,0.0,0.0848991153860659,0.0,0.03937026243987847,0.0,-0.04392691331178106
1,0.0,0.11902963700701671,0.0,-0.01604682779250565,0.0,-0.017596095548216884,0.0,-0.013980440558948709
1,0.0,0.19931645606107093,0.0,-0.057863550843320975,0.0,-0.058864275945938634,0.0,-0.05894543025884838
1,0.0,0.11630514442727594,0.0,-0.014883228211567142,0.0,-0.01512537129770792,0.0,-0.014652086990262467
1,0.0,0.09242490043453702,0.0,0.0719144123303297,0.0,0.07592042747703127,0.0,-0.04107874358163199
1,0.0,0.07619843125602616,0.0,-0.02842817544708099,0.0,-0.12299412619052232,0.0,-0.1214412863837556
1,0.0,0.16962899645797813,0.0,0.08249014676654176,0.0,0.09161551838848525,0.0,0.09494007581850188
1,0.0,0.06625464295683782,0.0,-0.029365262458665917,0.0,-0.02378395280048682,0.0,-0.023793476744808018
1,0.0,0.1519535514015133,0.0,0.07790276376849996,0.0,0.08316938125307927,0.0,0.08166619323952079
1,0.0,0.004179144982733444,0.0,-0.0009364778410913347,0.0,-0.0008028070266558033,0.0,-0.06754047172073711
1,0.0,0.15664828870465766,0.0,0.06294871210186843,0.0,0.06647284132747751,0.0,-0.027981777022551585
1,0.0,0.14895278239662807,0.0,0.032535172251217645,0.0,0.03638769823378587,0.0,0.03953136882972422
1,0.0,0.21338345760776325,0.0,0.1144899467888458,0.0,0.0500519303918425,0.0,0.05566380861557248
1,0.0,0.1358474111279449,0.0,0.028569055087028724,0.0,0.03256572790786022,0.0,0.03453195935830068
1,0.0,0.1619387084786981,0.0,-0.025175545796539554,0.0,-0.07497757133848515,0.0,-0.07367224097348382
1,0.0,0.08729902453787972,0.0,0.0931922759548405,0.0,0.009661260704604293,0.0,-0.03283107595704326
1,0.0,0.13013286481395905,0.0,0.09839662514869596,0.0,0.023994761675333858,0.0,0.025163993655020454
1,0.0,0.16558229948247968,0.0,0.13212351028396596,0.0,0.07992793371461504,0.0,0.07637044343858017
1,0.0,0.14950052134906427,0.0,0.0870701466401518,0.0,-0.001900117008217573,0.0,-0.055543634438774164
1,0.0,0.1271906330309127,0.0,0.09757378723889282,0.0,0.0872498243939307,0.0,-0.0729296104094167
1,0.0,0.07621649304145674,0.0,0.044471835209168226,0.0,-0.09169735434654454,0.0,-0.09344755552884942
1,0.0,0.17303372885947643,0.0,0.0022827868913571922,0.0,-0.0807553879064057,0.0,-0.07957220485171101
1,0.0,0.2218179270553979,0.0,0.1455785143035517,0.0,0.12284172706725298,0.0,0.11502681516160047
1,0.0,0.14748535621407757,0.0,-0.08006948465739477,0.0,-0.08280523977738226,0.0,-0.08107953357004428
1,0.0,0.05311642231219237,2.0,0.06657724412161595,2.0,0.055780535758409286,2.0,0.055780535758409286
1,0.0,0.11922639125310629,0.0,0.09961589852585333,0.0,0.05510930535774617,0.0,-0.08091474522590386
1,0.0,0.13348198064150057,0.0,0.07628258715954976,0.0,0.013568778222595853,0.0,-0.13935090481102347
1,0.0,0.20597482282180393,0.0,0.05484704761273209,0.0,0.06048054245629747,0.0,0.03743383915293715
1,0.0,0.09191811328145694,0.0,-0.012653105785712701,0.0,-0.008236523084840337,0.0,-0.009662867064254607
1,0.0,0.2086934800917818,0.0,0.07727352711203384,0.0,0.03773560978911481,0.0,0.0429640692943526
1,0.0,0.20402317622173047,0.0,0.08786076174376387,0.0,0.09424375815787284,0.0,0.07640887376729155
1,0.0,-0.0033949607837253787,0.0,-0.134053350936718,3.0,-0.05044074332293063,3.0,-0.05044074332293063
1,0.0,0.09560486448333445,0.0,0.09981130259440309,0.0,0.10498949376988395,0.0,-0.059969072027125966
1,0.0,0.2016005550099597,0.0,0.10281777389264082,0.0,0.023467124265206602,0.0,0.02839963491726421
1,0.0,0.08415732965071053,0.0,-0.05945782313902718,0.0,-0.10030276824673029,0.0,-0.09854011144295441
1,0.0,0.21389007361823742,0.0,0.017948738134802352,0.0,0.020537588976005276,0.0,0.024014310034822947
1,0.0,0.25310706457372456,0.0,0.06385563410208206,0.0,0.0706062032982396,0.0,0.0773191084383872
1,0.0,0.13263490808211434,0.0,0.06147794603547094,0.0,-0.07235054978461296,0.0,-0.07354176605624675
1,0.0,0.10410586511571607,2.0,0.10695716066893758,2.0,0.10184856242310766,2.0,0.10184856242310766
1,0.0,0.1857560289027239,0.0,0.013305636172924394,0.0,0.019907418362251184,0.0,-0.09020315538638542
1,1.0,0.06607137717224716,1.0,0.06397149654584457,1.0,0.049725219033524004,1.0,0.02673618513257396
1,0.0,0.1866087799249774,0.0,0.0765376639880774,0.0,-0.0009161703042120043,0.0,0.0027858159966663407
1,0.0,0.23309856741873788,0.0,0.10642017063412819,0.0,0.11207084972898634,0.0,0.002660543489011803
1,0.0,0.1454342762289306,0.0,-0.058241894646281565,0.0,-0.06049995377408803,0.0,-0.06042700372860107
1,0.0,0.08254766223097101,2.0,0.11499374954925727,2.0,0.01991511538161581,2.0,0.007086849125167902
1,0.0,0.19089622042869078,0.0,0.11002880408800328,0.0,0.04544369213139717,0.0,0.04761070333135422
1,0.0,0.22196331348278586,0.0,0.06820967439414113,0.0,0.07168325810131349,0.0,0.05831223848442496
1,0.0,0.0690841400270303,0.0,0.07641017690525571,0.0,0.05511262133976503,0.0,0.05780101382786803
1,0.0,0.2340864818085692,0.0,0.0739177572604793,0.0,0.006692358562593592,0.0,0.009097189988319682
1,0.0,0.18605181899999318,0.0,0.04772489235443508,0.0,0.05478007577263858,0.0,-0.01773420034674618
1,0.0,0.006205301269312568,0.0,0.010341668396778289,0.0,0.002757663596280015,0.0,-0.15975831607299465
1,0.0,0.13929131528759633,0.0,0.0678287308498377,0.0,0.07294275938001693,0.0,0.04042644362711036
1,0.0,0.012719447555535014,0.0,-0.08819448394127045,0.0,-0.08346485957328503,0.0,-0.08212400048309222
1,0.0,0.13679785838205807,0.0,0.03913780855501177,0.0,0.009399585033899541,0.0,0.009790136954743067
1,0.0,0.14018222289150192,0.0,0.09651106938123319,0.0,-0.0698120163543357,0.0,-0.07115733208227572
1,1.0,-0.01577430090425019,1.0,-0.021375329011377044,1.0,-0.0682507981705541,1.0,-0.0682507981705541
1,0.0,0.19145271305021364,0.0,0.0711409369880177,0.0,0.07643809454329265,0.0,0.08026387228396786
1,0.0,0.21150697937547916,0.0,0.055345721644310016,0.0,0.061928133784770634,0.0,0.06615934196075839
1,0.0,0.03855628628120129,0.0,0.0436891965923459,0.0,0.017120627771153793,0.0,-0.026332042387065584
1,0.0,0.13900032747365593,0.0,0.050342135002423294,0.0,-0.05678812031125979,0.0,-0.05803169809884121
1,0.0,0.03583672690682424,0.0,-0.10449665542617222,0.0,-0.10403879755351594,0.0,-0.1009058652791651
1,0.0,0.07889815019060115,0.0,-0.008093266006664717,0.0,-0.006954966770345346,0.0,-0.062390543010682704
1,0.0,0.18958232490940036,0.0,0.017375404349039166,0.0,0.01922843298538133,0.0,0.024270231598501647
1,0.0,0.16656021892527734,0.0,0.11483731152434139,0.0,0.05229913576469495,0.0,-0.06894899862410363
1,0.0,0.16333522280788992,0.0,0.014054085856018503,0.0,0.017098828142663544,0.0,0.017748175600030676
1,0.0,0.16540171775094992,0.0,0.07204014645406477,0.0,0.022184979726123516,0.0,0.023020834365663868
1,0.0,0.04316914627078655,0.0,0.0464755362155083,0.0,0.0037996760282314663,0.0,-0.06605244273932603
1,0.0,0.15161284264940633,0.0,0.060755465495941276,0.0,0.06545351730865989,0.0,0.007592474647025475
1,0.0,0.12475386557650202,0.0,0.13308400481049937,0.0,0.004625452470419293,0.0,0.005992008763700814
1,0.0,0.175697463218107,0.0,-0.018767069291772954,0.0,-0.017825718345791813,0.0,-0.016708228856229492
1,0.0,0.20796268847008947,0.0,0.04649827100999683,0.0,0.05005264635069143,0.0,0.05697752445388165
1,0.0,0.1132493710990038,0.0,0.09428539753282969,0.0,-0.004855157351336594,0.0,-0.06058209963700949
1,0.0,0.1702541423705481,0.0,0.09833486248464228,0.0,0.03416110718370241,0.0,0.0363042489606513
1,0.0,0.16287020221660187,0.0,0.06689451022609343,0.0,0.07423697283059533,0.0,0.07809083099119392
1,0.0,0.1582113759540728,0.0,0.1043670777696405,0.0,0.11100818175101738,0.0,0.09434507710403968
1,0.0,-0.019096479300067835,2.0,0.08090161352442869,2.0,0.07687486660771425,2.0,0.07687486660771425
1,0.0,0.10362625645840841,0.0,0.009064783359894104,0.0,0.012008579255321,0.0,0.018021793093498776
1,0.0,-0.07454444972748021,0.0,-0.07242799297114363,0.0,-0.07181568850140009,4.0,0.1332757097252908
1,0.0,0.15652719999839354,0.0,-0.13532202449336034,0.0,-0.13287372712572265,0.0,-0.12817015240418253
1,0.0,0.20941792855118227,0.0,0.004649799448702178,0.0,0.007609028689902721,0.0,0.01586318474544829
1,0.0,0.1631634253054991,0.0,0.0641439923916129,0.0,0.025272339147490136,0.0,-0.04227088978710742
1,0.0,0.06328454797108593,0.0,0.020152134838278865,0.0,0.023615088659432255,0.0,0.013225045831431519
1,0.0,0.19330401118786536,0.0,0.14619506132218346,0.0,0.043241739835637664,0.0,-0.03515780277190304
1,0.0,0.06988977299846162,0.0,0.050882115435360045,0.0,0.05491274221179314,0.0,-0.01332212009608732
1,0.0,0.04225672129695472,2.0,0.10130416748803402,2.0,0.09942555895829659,2.0,0.09651362305766495
1,0.0,0.1606066039966332,0.0,0.011014782745861845,0.0,-0.10023849043501218,0.0,-0.0969520377799161
1,0.0,0.14566086759748684,0.0,-0.013620051318846076,0.0,-0.010960818116511378,0.0,-0.10607123317488389
1,0.0,0.09520976860956581,0.0,-0.04036054711668178,0.0,-0.03714941764889397,0.0,-0.03751469268907404
1,0.0,0.21122526823203466,0.0,0.06872887976268244,0.0,0.07278664410166794,0.0,0.06527960474878126
1,0.0,0.04233776222169977,0.0,0.04741377040639098,0.0,0.0350958837738486,0.0,-0.027600760406454445
1,0.0,0.0680294165113334,0.0,0.021390012962134226,0.0,-0.02588143544425276,0.0,-0.02518966557646405
1,0.0,0.0673912038667132,0.0,0.0718844705915809,0.0,0.0630751890186733,0.0,-0.07192683163147574
1,0.0,0.23497156279468168,0.0,0.07136953558922034,0.0,0.004656357868330845,0.0,0.007948408630319608
1,0.0,0.04430196666734556,0.0,0.029001886279470812,0.0,-0.005693935685812559,0.0,-0.0017277029401987173
1,0.0,0.2106502376423064,0.0,0.01973407220435484,0.0,0.022966596896196203,0.0,0.025239546421683388
1,0.0,0.15169917850982312,0.0,0.082693144410284,0.0,0.054122190236767155,0.0,0.059141974262185475
1,0.0,0.15843595747202394,0.0,0.09008077967402024,0.0,0.05070676962064407,0.0,0.015183547580775591
1,0.0,0.18042201566465768,0.0,0.06274395208908361,0.0,0.06912716598612281,0.0,0.07246029446763912
1,0.0,0.08031414887092334,0.0,0.08636546841380055,0.0,0.09227484647836223,0.0,-0.05532426564183332
1,0.0,0.16949993288212908,0.0,0.02610925637101278,0.0,0.028128686776549557,4.0,0.06497336157549444
1,0.0,0.01144426457210642,0.0,-0.06577913713336234,0.0,-0.0643959921379605,0.0,-0.06372069990037357
1,0.0,0.17162994360840644,0.0,0.05445484015497452,0.0,0.032112283854186935,0.0,-0.049065120152372035
1,0.0,0.1890778196308956,0.0,0.0577296608018456,0.0,0.023264222135268704,0.0,-0.10029367726437698
1,0.0,0.1453096305980006,0.0,0.007354061482550436,0.0,0.012270242202559312,0.0,0.016763153611149297
1,0.0,0.1104523201657943,0.0,0.0011580398176822741,0.0,0.0037695835414756265,0.0,-0.01782967494804734
1,0.0,0.1550137114599903,2.0,0.07823613030556663,2.0,0.02966273466772641,2.0,0.02966273466772641
1,0.0,0.12063070343156286,0.0,-0.01533391882680272,0.0,-0.013969467641786614,4.0,0.13420436406146638
1,0.0,0.26371047090290045,0.0,0.08975930582402865,0.0,0.09663774705878958,0.0,0.10127004213848909
1,0.0,0.11385173500891249,0.0,0.03317034498081139,3.0,0.10027110638550477,3.0,0.09735375815315388
1,0.0,0.14157289209500304,0.0,-0.015229810076772368,0.0,-0.014721391696188071,0.0,-0.02305939718368834
1,0.0,0.20852087798300512,0.0,0.0754311899396142,0.0,0.002917129220964877,0.0,0.007467286170229174
1,0.0,0.1359551181931438,0.0,-0.051640785082583594,0.0,-0.049688584960076686,0.0,-0.0448337214168658
1,0.0,0.20969634963178996,0.0,0.07535964866243933,0.0,0.08243354804331952,0.0,-0.04598327524713223
1,0.0,0.0990268418280104,2.0,0.12788495085658866,2.0,0.042464674892061405,2.0,0.042464674892061405
1,0.0,0.19796312474589614,0.0,0.05138904945397555,0.0,0.05489566046348435,0.0,0.01859596048691433
1,0.0,0.1863541701696084,0.0,0.00013728152338474486,0.0,0.003322239547627001,0.0,0.0035977438477671395
1,0.0,0.08771776810360865,0.0,-0.05347399859940336,0.0,-0.05207849560464953,0.0,-0.05075198454946246
1,0.0,0.10771615191381081,0.0,-0.11384576625219137,0.0,-0.11699492496069704,0.0,-0.11761010882228994
1,1.0,-0.05219280297587173,1.0,-0.05647613663554449,1.0,-0.10486658494426435,1.0,-0.10486658494426435
1,0.0,0.18036883793381406,0.0,0.049092513934689073,0.0,0.053444611711760286,0.0,0.05949552993119366
1,0.0,0.09060685545801675,0.0,-0.044958575735305456,0.0,-0.041361059865152726,0.0,-0.03567403822259281
1,0.0,0.06989329004076167,0.0,-0.008079676064496296,0.0,-0.006453263922794891,0.0,-0.006518812555026871
1,0.0,0.24103118945902555,0.0,0.09604857845195863,0.0,0.10235507771660708,0.0,0.10630064464377495
1,0.0,0.17716051361887225,0.0,0.11482195323253576,0.0,0.057437235471323976,0.0,0.03256203913556057
1,0.0,0.11160673959114169,0.0,0.005450609250924462,0.0,0.011070321764747865,0.0,0.013342240788060272
1,0.0,0.025827039259246225,2.0,0.12754017031044732,2.0,0.1271711881273044,2.0,0.12620651971603486
1,0.0,0.21658165340917343,0.0,0.008342184620561063,0.0,0.012206202821737459,0.0,0.01362273000002763
1,0.0,0.17273515309357823,0.0,0.006792214599317025,0.0,0.009789391760677729,0.0,0.011392417928774014
1,0.0,0.061025402593885926,0.0,-0.002127229421157025,0.0,-0.001990404738403022,0.0,0.00035098443625896833
1,0.0,0.07770486496616578,0.0,0.019986870027663244,0.0,0.02163866092763059,0.0,-0.05324517963136961
1,0.0,0.145760236539757,0.0,0.07952457014540748,0.0,0.08441930073031849,0.0,0.037505730791534526
1,0.0,0.11868253770271864,0.0,0.0031226852779863176,0.0,-0.051070434265388764,0.0,-0.04955153795494955
1,0.0,0.13334089044067682,0.0,0.07342867013710228,0.0,0.07029263068985755,0.0,0.034034981389558676
1,0.0,0.22244836990131137,0.0,-0.011071298138746353,0.0,-0.008612814197186602,0.0,-0.00793376454209652
1,0.0,0.14979976999474898,0.0,0.05537296098834026,0.0,0.06021548422864353,0.0,-0.0215626950264604
1,0.0,0.20270893975168705,0.0,0.07490307277285975,0.0,0.04716983113494634,0.0,0.052778217302872285
1,0.0,0.14637040390762357,0.0,0.02035306830079812,0.0,-0.018864154501747436,0.0,-0.018423372246327594
1,0.0,0.015235345163460725,0.0,0.016291551819540416,0.0,-0.06309298931673989,0.0,-0.11877558003524567
1,0.0,0.12785692416780176,0.0,0.05748925583176535,0.0,0.061464995599018454,0.0,-0.11782907769526518
1,0.0,0.054263227427286745,0.0,0.05847372179938733,0.0,-0.050684482365056266,0.0,-0.049646302121524814
1,0.0,0.04618073351687726,0.0,-0.050586752829855246,0.0,-0.04749231567551875,0.0,-0.04903060855745624
1,0.0,0.1535031037656944,0.0,0.07787078596984129,0.0,-0.026450997031408192,0.0,-0.021574686976122522
1,0.0,0.14989960526703186,2.0,0.10600531953788389,2.0,0.0666196208348644,2.0,0.0666196208348644
1,0.0,0.21987072094983243,0.0,-0.022853145001421347,0.0,-0.020867057214152662,0.0,-0.014356422378399123
1,0.0,0.13777627034222978,0.0,0.02628588559169383,0.0,0.029440631640856713,0.0,-0.07313963084835193
1,0.0,0.09494122727915215,2.0,0.16845379313080383,2.0,0.09634822077453407,2.0,0.09634822077453407
1,0.0,0.2277215633579621,0.0,0.07719749137028746,0.0,-0.032590712630147435,0.0,-0.03159867413337131
1,0.0,0.20530858728499468,0.0,0.07751624846161548,0.0,0.08390992213262917,0.0,-0.03949597602469912
1,0.0,0.08513931816456806,0.0,0.030778213074985166,0.0,0.034369525679273295,0.0,-0.03742724442879017
1,0.0,0.15890064900199227,2.0,0.017151871614603496,2.0,0.015894699396666316,2.0,-0.051424035473124165
1,0.0,0.06709895683700225,0.0,0.02294668242982336,0.0,-2.0342601603884083e-05,0.0,-0.1527350631540929
1,0.0,0.12059879878100797,0.0,-0.040175643804343415,0.0,-0.037264315752731175,0.0,-0.035071062823282574
1,0.0,0.15765353431679763,0.0,0.022159008433029218,3.0,0.0877549987097781,3.0,0.04921318669779129
1,0.0,0.03921535854021853,0.0,-0.0436110890244353,0.0,-0.04058089238048693,0.0,-0.0407439054270462
1,0.0,0.10816914169787403,0.0,0.06477706255098885,0.0,-0.056669175627096745,0.0,-0.05155017108548964
1,0.0,-0.02087316983804539,0.0,-0.08025402885157082,0.0,-0.0794616610956275,0.0,-0.17243727650316792
1,0.0,0.20338087528257726,0.0,0.032513229772626946,0.0,0.025587506327247357,0.0,0.02861686989833745
1,0.0,0.1580239893073242,0.0,-0.008373265318877004,0.0,-0.007996837106225408,0.0,-0.0025051582236887467
1,0.0,0.1810458712020049,0.0,0.06254727067890413,0.0,0.06788884171448292,0.0,0.01625283606300271
1,0.0,0.11838710604511266,0.0,-0.08745557726796087,0.0,-0.08525967573960093,0.0,-0.08561339995847254
1,0.0,0.07269602857188245,0.0,0.07127988851992727,0.0,0.046449381476853145,0.0,0.0046676807126359516
1,0.0,0.26048856111742263,0.0,-0.019769706361423153,0.0,-0.016718861345876468,0.0,-0.015199749949410998
1,0.0,0.21594513642086394,0.0,0.04093288942620326,0.0,-0.02683163136120179,0.0,-0.08048670341334044
1,0.0,0.23957365588489318,0.0,0.11774304541719098,0.0,-0.015136923620699976,0.0,-0.015172951442660284
1,0.0,0.24001908404226047,0.0,-0.02071252711120003,0.0,-0.018955041902445548,0.0,-0.01611634888164521
1,0.0,0.09220295410264616,0.0,-0.06842556470387758,0.0,-0.0685134687597752,0.0,-0.07816184092280788
1,0.0,0.20276786416757012,0.0,0.1042603542614145,0.0,0.0011475355898008378,0.0,-0.025212051701711227
1,0.0,0.13633215822236558,0.0,0.12435991678617979,0.0,0.06668879370462913,0.0,0.06369552581363767
1,0.0,0.16399240839304863,0.0,-0.04104353000926586,0.0,-0.04096696350396145,0.0,-0.037570108443632164
1,0.0,0.05150020485927367,0.0,-0.012005780781190602,0.0,-0.04294071377695271,0.0,-0.0417953468259295
1,0.0,0.10547625276316808,0.0,0.024421592566723094,0.0,0.012068996233098954,0.0,-0.07875172315261926
1,0.0,0.14266590839362991,0.0,0.048719843489301626,0.0,-0.04128160575827239,0.0,-0.037475050743459554
1,0.0,0.20239725795843752,0.0,0.044786950932999364,0.0,-0.03322977128696266,0.0,-0.02883887900553682
1,0.0,0.12488351469819356,0.0,-0.03789309663304284,0.0,-0.033980654616148215,0.0,-0.027752211071044967
1,0.0,0.13559470833357964,0.0,-0.07959898465687275,0.0,-0.07685582482131684,0.0,-0.07703089173139673
1,0.0,0.08097411495023613,0.0,0.08710754652382784,0.0,0.03641498746961187,0.0,-0.08044373746237618
1,0.0,0.0832727939354585,2.0,0.11019145411000973,2.0,-0.006385098414106394,2.0,-0.006385098414106394
1,0.0,0.1766452729590425,0.0,0.05973967794333268,0.0,0.057496257492808324,0.0,0.048120748108650864
1,0.0,0.13960903381285247,0.0,0.05790400975481964,0.0,-0.025334000779771652,0.0,-0.02062309370805643
1,0.0,0.24114972513148722,0.0,0.1091075734727296,0.0,0.10923114954330079,0.0,0.043853666195439595
1,0.0,0.08894576002955018,0.0,-0.006332968085464699,0.0,-0.0344124726837284,0.0,-0.0303201166765282
1,0.0,0.07915506813832196,0.0,0.03621008646457825,0.0,-0.04342126533181079,0.0,-0.07212470641400083
1,0.0,0.21599269152461356,0.0,0.04882199143912561,0.0,0.012897468076061742,0.0,0.015855757167846308
1,0.0,0.20493286924351822,0.0,0.09649125067438226,0.0,0.10099141889668452,0.0,-0.11189053785825444
1,0.0,0.14259102314587416,0.0,0.056717796903621207,0.0,0.06351615790279731,0.0,-0.022097981461587236
1,0.0,0.1800840942820317,0.0,0.12967395316701869,0.0,0.05578389229210788,0.0,-0.04765747849998137
1,0.0,0.04864465387787568,0.0,0.04232966887647204,0.0,-0.009386376853990352,0.0,-0.04081711378014169
1,0.0,0.08278688304939917,2.0,-0.00575134361421024,2.0,-0.02796706370688462,2.0,-0.02796706370688462
1,0.0,0.1754707883570164,0.0,0.06640466479011918,0.0,0.07245519583593531,0.0,0.07508152840724767
1,0.0,0.15968552980323716,0.0,-0.04463889443488943,3.0,0.1167808116944736,3.0,0.1167808116944736
1,0.0,0.0946157478818157,0.0,0.046093355143931536,0.0,0.029759847939245725,0.0,0.03286684735277785
1,0.0,0.13693199332759634,0.0,-0.010756798775651888,0.0,-0.005091550198923646,0.0,-0.09489873090308286
1,0.0,0.03203665255001456,0.0,0.03764407354106883,0.0,0.04587512586370476,4.0,0.1028609913293999
1,0.0,0.04902106348137787,0.0,-0.07037818632768476,0.0,-0.07090118479824217,4.0,0.09476894338101713
1,0.0,0.09774506337150707,0.0,0.0250804312669074,0.0,-0.0736319147550363,0.0,-0.07342026052232242
1,0.0,0.23616201291357952,0.0,0.08029833249771133,0.0,0.04371658632594832,0.0,0.04887616297753299
1,0.0,0.17220629073508034,0.0,-0.01152671678626093,0.0,-0.0031615972247770892,0.0,-0.06805615886923592
1,0.0,0.22719983980796227,0.0,0.05464502632980067,0.0,0.02386729110783377,0.0,0.02504824194968049
1,0.0,0.23896568478728092,0.0,0.09274083156250719,0.0,-0.014815708968639795,0.0,-0.013312711717301234
1,0.0,0.20532630007716332,0.0,0.05554114645966491,0.0,0.014284271527743843,0.0,0.015606930083423324
1,0.0,0.13020418281109816,0.0,0.10311953122310118,0.0,-0.007732923622451188,0.0,-0.00763218020366265
1,0.0,0.19569844462768685,0.0,0.03749917061199415,0.0,0.021991305164633095,0.0,0.024408899062514745
1,0.0,0.13323286665768677,0.0,0.12702252398405509,0.0,0.035588074463912364,0.0,0.0222653541704935
1,0.0,0.12146613514960279,0.0,0.09185388634467234,0.0,0.07113293678492022,0.0,0.0005636963707122409
1,0.0,0.04843026130793525,0.0,0.05334429480510235,0.0,0.057312406731196794,0.0,-0.011695557284106164
1,0.0,0.17445202290816325,0.0,0.13290396211621777,0.0,0.09973023309297423,0.0,-0.008308021470341794
1,0.0,0.14864500791862922,0.0,-0.041717479637793174,0.0,-0.038201476555540494,0.0,-0.03283729768985201
1,0.0,0.20432777993832255,0.0,0.10456346430828531,0.0,-0.0654149894189951,0.0,-0.06302744283716764
1,0.0,0.21637001165559763,0.0,0.11473311570316688,0.0,0.12339682315740376,0.0,0.029136109232609037
1,0.0,0.17600390583718764,0.0,0.028237422983064094,0.0,0.02042629493854699,0.0,0.022019489663775784
1,0.0,0.20964259865685825,0.0,0.048419853357887885,3.0,0.06432806724662492,3.0,0.063443939237493
1,0.0,0.2632022992865446,0.0,0.04913267044946259,0.0,0.05344844616024724,0.0,0.053605119125919885
1,0.0,0.09562342048503833,0.0,0.007972820040542509,0.0,-0.03166937079548797,0.0,-0.029225848789115744
1,0.0,0.13726975980448905,0.0,-0.0035068832063179073,0.0,0.0038478004188889693,0.0,-0.024826999657238107
1,0.0,-0.07562731213264741,0.0,-0.077039297181214,0.0,-0.07345117254758317,0.0,-0.07464708239944294
1,0.0,0.22385413220779407,0.0,0.10110032252304166,0.0,0.06486384366544988,0.0,-0.04396561845969617
1,0.0,0.23281974091623597,0.0,0.10070061010334763,0.0,0.10668044582484909,0.0,0.012552164938271035
1,0.0,0.20828472077550986,0.0,0.009240777186821415,0.0,0.011518734675327215,0.0,0.015399301074640086
1,0.0,0.008602059611129751,0.0,0.011301651506841695,0.0,0.012664884769097834,0.0,-0.2022380632631484
1,0.0,0.041503573146350906,0.0,0.048243838865527064,0.0,0.052738608482089396,0.0,-0.03867180662623605
1,0.0,0.025927383457229655,0.0,-0.05935143887497434,0.0,-0.05866253123779151,0.0,-0.05894119003299
1,0.0,0.14131096963060005,0.0,-0.10408967934624788,0.0,-0.10620802841742288,0.0,-0.10519621379946004
1,0.0,0.11463433610707041,2.0,0.1527601424336952,2.0,0.1502328072243995,2.0,0.14883897743525584
1,0.0,0.10807716686847076,0.0,0.05900352654834065,0.0,0.06312830097641457,0.0,-0.004496462425950474
1,0.0,0.19483838009721446,0.0,0.1796607196239798,0.0,0.0858155247108526,0.0,0.06077543724276013
1,0.0,0.135866637405574,0.0,-0.010296309444292768,0.0,-0.008769727914276439,0.0,-0.052285436983924585
1,0.0,0.1595770707850612,0.0,0.12104986239864177,0.0,0.0804168841188746,0.0,0.0841880548974973
1,0.0,0.10086171912023224,0.0,0.08213169472361276,0.0,-0.001957648072270084,0.0,-0.032744348215337185
1,0.0,0.12836545819306625,0.0,0.0030925464835700137,0.0,0.006751680930160975,0.0,0.010904197581500576
1,0.0,0.16281568348506,0.0,-0.011887350654705638,0.0,-0.012521436335252928,0.0,-0.02939024567311449
1,0.0,0.18000101922113818,0.0,0.02358548114587372,0.0,0.02486095883465202,0.0,0.03141021254965477
1,0.0,0.04960850878661093,0.0,-0.023613426070213613,3.0,0.046848647403707325,3.0,-0.11121873207392119
1,0.0,0.08603819613233249,0.0,0.022919032012497145,0.0,0.0006779630248984237,0.0,0.004422204069786354
1,0.0,0.20453067376284984,0.0,0.07124094581636826,0.0,0.06214344857105382,0.0,-0.12068108439814622
1,0.0,0.22993721951094817,0.0,0.03985494313168674,0.0,0.024080665245236076,0.0,0.028445274447823108
1,0.0,0.08299134745710868,0.0,0.014564047013085654,0.0,-0.010925658645077397,0.0,-0.010235963559916106
1,0.0,0.09190759140586287,0.0,0.03728099804325396,0.0,0.039847866682842334,0.0,-0.0477151066399861
1,1.0,0.053241779420359195,1.0,-0.0028058954192204267,1.0,-0.0028058954192204267,1.0,-0.0028058954192204267
1,0.0,0.1269723334240002,0.0,0.06403382744846361,0.0,0.07092662917391757,0.0,-0.036539606464448274
1,0.0,0.20953057599853983,0.0,0.025723740914536147,0.0,-0.03247661536794481,0.0,-0.02564584105004471
1,0.0,0.17998238543253003,0.0,0.02813951006651941,0.0,0.030086344141801377,0.0,-0.04473148509886377
1,0.0,0.13633981108930845,0.0,0.00903652047825548,0.0,0.013177000020657966,0.0,-0.07278409404867418
1,0.0,0.1993227627484821,0.0,-0.0037310274907582748,0.0,-0.038757391433005106,0.0,-0.03928130657907024
1,0.0,0.21139973795810252,0.0,0.08586977244809434,0.0,0.0909505821540133,0.0,0.06342235248617487
1,0.0,0.2462031761460841,0.0,0.07583880564319184,0.0,0.0789089334120607,0.0,0.0826199921040189
1,0.0,0.13987162818868593,0.0,0.005132041005098177,0.0,0.006832339723448842,0.0,-0.025550511514486535
1,0.0,-0.08999187760035873,0.0,-0.09024439854573567,0.0,-0.08965499633799813,0.0,-0.08883573428174013
1,0.0,0.21589298683314018,0.0,0.08481993568674774,0.0,-0.009611288986588643,0.0,-0.0036856613731214003
1,0.0,0.17272292234576658,0.0,0.1150077658374738,0.0,0.11620125169474849,0.0,0.09024036858288999
1,0.0,0.0005923479048634016,2.0,0.08098418876946012,2.0,-0.019162735118973307,2.0,-0.019162735118973307
1,0.0,0.10821626949703624,0.0,0.06836649345302462,0.0,0.07199800306678245,0.0,0.032696157191320144
1,0.0,-0.022513842863362256,2.0,0.08275330161017695,2.0,0.05726141195975658,2.0,0.05726141195975658
1,0.0,0.16005009445180746,0.0,-0.04562332889595828,0.0,-0.0452818939931697,0.0,-0.04370767672129607
1,0.0,0.074487578114985,2.0,0.12800739428034832,2.0,0.09394066120407803,2.0,0.09394066120407803
1,0.0,0.23321012138122554,0.0,0.1376210187639879,0.0,0.14513818955000649,0.0,0.0005034241285978415
1,0.0,0.04462797496473999,2.0,0.0914252708845459,2.0,0.08766188060121609,2.0,0.017213701762656283
1,0.0,0.15912087832257013,0.0,0.09162171345494285,0.0,0.09628926252625802,0.0,0.03770829680873622
1,0.0,0.1413807573041709,0.0,0.061982622070611317,0.0,0.06512397213934469,0.0,-0.06468274926605316
1,0.0,0.16177048449385675,0.0,-0.00614058810240272,0.0,-0.06636316652514132,0.0,-0.06741083967218836
1,0.0,0.051384368835021246,0.0,-0.03036614499612632,0.0,-0.0481231295413455,0.0,-0.0487838215999095
1,0.0,0.14868093440164187,0.0,-0.01741003891452928,0.0,-0.01735708845881415,0.0,-0.01376053316021439
1,0.0,0.18593316068906693,0.0,0.019382137007942474,0.0,0.02103896345557745,0.0,0.023455968214878328
1,0.0,0.16299559736164723,0.0,0.07039122822506301,0.0,0.049490808823423736,0.0,-2.2124934744695838e-05
1,0.0,0.12395720741610534,0.0,0.09500334493515553,0.0,0.07341521435115524,0.0,0.07608397545645387
1,0.0,0.15356441006397434,0.0,-0.0035160930050632862,0.0,-0.002011540008590356,0.0,-0.06990608211910933
1,0.0,0.12719953771961595,0.0,-0.05420531546992471,0.0,-0.055375165197203376,0.0,-0.0963993112493726