cluster,y_k=2,s_k=2,y_k=3,s_k=3,y_k=4,s_k=4,y_k=5,s_k=5
0,0.0,0.17879858014561853,1.0,0.4275197218358047,0.0,0.19306578246109152,1.0,0.4286615268351285
0,0.0,0.3952660753209813,1.0,0.010632509796239628,0.0,0.010632509796239628,4.0,0.22483359948915085
0,0.0,0.13713866900340246,2.0,0.6455965916009004,2.0,0.5676626350993444,2.0,0.5676626350993444
0,0.0,-0.06074394755117635,1.0,0.19621213290394354,0.0,-0.283122735711545,1.0,0.02300554206435045
0,0.0,0.4588998653242475,1.0,0.24574963096121652,0.0,0.24574963096121652,4.0,0.47910694891286876
0,0.0,0.2991075229393047,1.0,0.5177127614885264,0.0,0.43863613963210035,1.0,0.4140094843188965
0,1.0,0.15635821171270783,0.0,-0.30860138518176355,1.0,-0.08701563147752556,0.0,-0.08701563147752556
0,1.0,0.3099212146146832,0.0,-0.023327583954484206,1.0,0.2510090665559751,0.0,0.2510090665559751
0,0.0,-0.34209692431349653,1.0,-0.22943444812767172,0.0,-0.5052137554186159,1.0,-0.35035452353742896
0,1.0,0.24072844034564114,0.0,0.09783308537522567,1.0,0.295562697218651,0.0,0.295562697218651
0,1.0,-0.01797433783521504,0.0,-0.24233355405742668,1.0,-0.28013021932325516,0.0,-0.4777430811749045
0,0.0,0.32857454853554646,1.0,0.4534204363092845,0.0,0.4534204363092845,1.0,0.1728424677466439
0,0.0,0.3343483292182029,1.0,0.4995839180767954,0.0,0.4021060064761011,1.0,0.009328667354543069
0,0.0,0.4718663958476338,1.0,0.2806512840982158,0.0,0.2806512840982158,4.0,0.6162580199761527
0,0.0,0.15560683387487528,2.0,0.4935185097501326,2.0,0.3853814765808317,2.0,0.3853814765808317
0,0.0,0.08104221383170936,1.0,0.3198404324530204,0.0,-0.1469635585850401,1.0,0.11602073985296885
0,1.0,0.25705247060895703,0.0,-0.15239416356007016,1.0,0.0771177364365395,0.0,0.0771177364365395
0,1.0,0.47332733126071197,0.0,0.4480320865915701,1.0,0.2760461702649889,0.0,0.2760461702649889
0,1.0,0.3275727932233958,0.0,0.18845814271066144,1.0,0.3845245666088987,0.0,0.3845245666088987
0,1.0,0.47011281241823694,0.0,0.45469527325396764,1.0,0.3026210433564108,0.0,0.3026210433564108
0,0.0,0.47819233982262466,1.0,0.30452429286346544,0.0,0.30452429286346544,4.0,0.620669816654898
0,1.0,-0.0005782092979605214,0.0,-0.38106668462905124,1.0,-0.218670857599379,0.0,-0.218670857599379
0,0.0,0.1707960660521108,2.0,0.6356912974726296,2.0,0.5572169397466072,2.0,0.5572169397466072
0,0.0,0.11662993673485503,1.0,0.3351475578180047,0.0,0.24711499446613067,1.0,0.445170596496889
0,0.0,0.11614492389169732,2.0,0.5628057240654089,2.0,0.46016422115896016,2.0,0.46016422115896016
0,0.0,0.45777522570109297,1.0,0.006261426863880087,0.0,0.006261426863880087,4.0,0.405374495467312
0,0.0,0.4809115194342828,1.0,0.29119571591860205,0.0,0.29119571591860205,4.0,0.6072703947761044
0,0.0,0.22989147789801043,1.0,0.21260052314581823,0.0,0.21260052314581823,1.0,0.11221071910716181
0,1.0,0.04957843275163278,0.0,-0.19732051791161478,3.0,0.3776907301975762,3.0,0.15549576872609538
0,1.0,0.5133995965920873,0.0,0.4860197123448621,1.0,0.39100955292792544,0.0,0.39100955292792544
0,1.0,0.12431711234540233,0.0,-0.3825007001860692,1.0,-0.19281603042773499,0.0,-0.19281603042773499
0,1.0,0.5118782713586357,0.0,0.4724789215762934,1.0,0.4712937001722009,0.0,0.4712937001722009
0,0.0,0.12222754005274405,1.0,0.3628132007712848,0.0,0.18828975813896068,1.0,0.42702635243768566
0,1.0,0.48792566196281406,0.0,0.4050752026787873,1.0,0.5330902676039913,0.0,0.5330902676039913
0,0.0,0.15218788324591168,2.0,0.6018357920139762,2.0,0.5131260028492598,2.0,0.5131260028492598
0,1.0,0.4185137293876698,0.0,0.35095968193135196,3.0,0.5700493962753135,3.0,0.5700493962753135
0,1.0,0.08749758643387913,0.0,-0.2991254267601181,1.0,-0.09640386734436021,0.0,-0.09640386734436021
0,0.0,0.34347359294237806,1.0,0.5588409438398994,0.0,0.46850977703608604,1.0,0.3163690902320973
0,0.0,0.10365815331270697,2.0,0.6169246533186971,2.0,0.5275933711233308,2.0,0.5275933711233308
0,0.0,0.4495066092558692,1.0,0.15419999081600055,0.0,0.15419999081600055,4.0,0.5421860619356526
0,1.0,0.48473801934639427,0.0,0.461867843852327,1.0,-0.1855109018637353,0.0,-0.1855109018637353
0,1.0,0.3996161502523254,0.0,0.2044563854797444,1.0,0.3884465201551036,0.0,0.3884465201551036
0,1.0,0.5031145493081559,0.0,0.4673605329229378,1.0,0.4846921923025573,0.0,0.4846921923025573
0,0.0,0.33732913440488105,2.0,0.6110169723829435,2.0,0.6110169723829435,2.0,0.486289975232748
0,1.0,0.17703813520812653,0.0,0.08433436060244073,1.0,0.14118590156630584,0.0,-0.04080827054879206
0,1.0,0.24579348925502953,0.0,0.13474104740539664,1.0,0.018389008284695314,0.0,-0.0866539042141347
0,1.0,-0.09921016175049134,0.0,-0.3509796322242847,1.0,-0.2117418600212194,0.0,-0.2117418600212194
0,1.0,-0.009692640756255439,0.0,-0.4312203830439271,1.0,-0.28038855796158296,0.0,-0.28038855796158296
0,1.0,-0.1197690215947801,0.0,-0.31927834786840553,1.0,-0.1839468668411803,0.0,-0.1839468668411803
0,0.0,0.31642969989800224,1.0,0.5131554500809828,0.0,0.38253638706837045,1.0,0.21439136423826852
0,0.0,0.3262055365626231,1.0,0.5007415287299007,0.0,0.39092615307952544,1.0,0.07800405243893692
0,1.0,0.27966837851977755,0.0,0.14005084944882412,3.0,0.6554007714049382,3.0,0.5587108548061033
0,0.0,0.4313606668834868,2.0,0.3170116242285192,2.0,0.3170116242285192,2.0,-0.05337863238538515
0,1.0,0.4588917873865451,0.0,0.3639549585966414,1.0,0.5239391261605615,0.0,0.5239391261605615
0,0.0,0.28495267009052505,1.0,0.5161239567702888,0.0,0.36952199532042074,1.0,0.42762245926268955
0,1.0,0.2450927756137562,0.0,0.2040651581765045,1.0,0.35107613268608767,0.0,0.3396092721979766
0,1.0,0.4410485277992678,0.0,0.38412652430328553,3.0,0.23470055279228993,3.0,0.23470055279228993
0,0.0,0.263967927048205,1.0,0.4921180676028969,0.0,0.38603910943337355,1.0,0.4610958076244574
0,0.0,0.4354729027729781,1.0,0.5605124241920052,0.0,0.5605124241920052,4.0,0.26083219684455744
0,0.0,0.13995952154018776,1.0,0.13874907108065426,0.0,0.08633903369067022,1.0,0.14415898031381158
0,1.0,0.3693483995254803,0.0,0.3041244281491239,1.0,0.03931033348663462,0.0,0.03931033348663462
0,1.0,0.45606416224609964,0.0,0.4026964842689338,3.0,0.458473407588188,3.0,0.458473407588188
0,1.0,0.30197880663624854,0.0,0.271197333670615,1.0,0.40804968388199103,0.0,0.38276854862151904
0,1.0,0.5230691423361327,0.0,0.5213502854525565,1.0,0.3091960309000767,0.0,0.3091960309000767
0,1.0,0.39999959848289773,0.0,0.3153123549362619,3.0,0.48305226902168463,3.0,0.48305226902168463
0,1.0,0.425380500235931,0.0,0.2734528761782366,1.0,0.4689444466733451,0.0,0.4689444466733451
0,1.0,0.2238354633154649,0.0,-0.1093205304457359,1.0,0.15693246499342242,0.0,0.15693246499342242
0,0.0,0.415617134406116,1.0,-0.20509452532283692,0.0,-0.20509452532283692,4.0,0.22561475829426147
0,0.0,0.3581809196887641,2.0,0.46023969376905866,2.0,0.46023969376905866,2.0,0.302690020198197
0,0.0,-0.2670421517547646,1.0,-0.11480292923211664,0.0,-0.4025876779283271,1.0,-0.19190323154179637
0,0.0,0.25489136839256993,1.0,0.46392945843719613,0.0,0.2648525256834155,1.0,0.32491530862437706
0,0.0,0.448310262592442,1.0,-0.10684172360956441,0.0,-0.10684172360956441,4.0,0.30418703102630196
0,0.0,0.3489200166695246,1.0,0.5618648505941048,0.0,0.4705895720469316,1.0,0.2872380826429395
0,1.0,0.49980017905031704,0.0,0.47058798816749814,1.0,-0.1596071490712204,0.0,-0.1596071490712204
0,0.0,0.22522079223211566,1.0,0.4445300178501386,0.0,0.2040854296431993,1.0,0.35558998059950536
0,0.0,0.14955127776630475,2.0,0.6512039057063835,2.0,0.575571399660656,2.0,0.575571399660656
0,0.0,0.1749720077992621,2.0,0.669427325259025,2.0,0.6012906071659398,2.0,0.6012906071659398
0,1.0,0.03709695934846658,0.0,-0.44386537211463295,1.0,-0.2866478941550499,0.0,-0.2866478941550499
0,1.0,0.48233551865444474,0.0,0.391188928337408,1.0,0.5354476261586985,0.0,0.5354476261586985
0,0.0,0.3689834603203991,1.0,0.545759420709572,0.0,0.5331773643713845,1.0,0.1935945770094753
0,1.0,0.3330899161689691,0.0,0.2787668384920469,1.0,0.20999037132719242,0.0,0.18319341924932356
0,0.0,0.4578141814060326,1.0,0.4764389430458453,0.0,0.4764389430458453,4.0,0.3780468502548318
0,1.0,0.5174632738618912,0.0,0.5048650857417277,1.0,0.3315332867888241,0.0,0.3315332867888241
0,0.0,0.2265780831766631,1.0,0.44748725910606607,0.0,0.36309448232862546,1.0,0.4660148582522835
0,1.0,0.4377339373193013,0.0,0.4000392205531866,1.0,0.13381337535245844,0.0,0.13381337535245844
0,1.0,-0.05171786877393705,0.0,-0.14618773940029264,1.0,-0.07388338080520979,0.0,-0.1939881785770493
0,1.0,0.12173631073684052,0.0,0.11316442796306916,1.0,0.24299808489409166,0.0,0.1639549197947226
0,1.0,0.36688247850517247,0.0,0.09934602742965944,1.0,0.32971495109082444,0.0,0.32971495109082444
0,1.0,0.3121358616210397,0.0,0.2290852387169782,1.0,0.048713667289422335,0.0,0.046936509247695664
0,0.0,0.28472583370512616,2.0,0.6627919303000158,2.0,0.6430105867211596,2.0,0.5873114395752791
0,1.0,0.44069957436077783,0.0,0.42986805336430783,1.0,0.14944360092313907,0.0,0.14944360092313907
0,1.0,0.4752000449078888,0.0,0.4257853010902058,1.0,0.3758679772769742,0.0,0.3758679772769742
0,0.0,0.4509906523106994,1.0,0.5393957784891675,0.0,0.5393957784891675,4.0,0.3586567478844015
0,1.0,0.47118198433369235,0.0,0.425610752174712,3.0,0.26573803138638447,3.0,0.26573803138638447
0,1.0,0.22974378936931913,0.0,0.036185156138702344,1.0,0.25625282674294636,0.0,0.25625282674294636
0,0.0,0.4345796088754185,1.0,0.123816337965301,0.0,0.123816337965301,4.0,0.38634043790440736
0,1.0,0.4037757093010798,0.0,0.3277214289437946,3.0,0.5985116138481754,3.0,0.5985116138481754
0,0.0,0.25288821517276566,1.0,0.4747874029444852,0.0,0.38856908473880747,1.0,0.4562668048062243
0,0.0,0.28022907093538985,1.0,-0.16490308779473634,0.0,-0.16490308779473634,1.0,-0.20870157029334596
0,0.0,0.40082811527450085,1.0,0.590489683084585,0.0,0.5465525012871949,4.0,-0.076345924574299
0,0.0,0.21737737678376692,1.0,0.14421383123102474,0.0,0.14421383123102474,1.0,0.0828554312234762
0,1.0,0.2877860193433365,0.0,-0.10323405961664243,1.0,0.14839023802563456,0.0,0.14839023802563456
0,0.0,0.1424097073620233,2.0,0.6371306326616892,2.0,0.5687643358240375,2.0,0.5687643358240375
0,1.0,0.16183681553665544,0.0,0.09084399593626469,1.0,0.17192306194057166,0.0,0.022187594601398825
0,0.0,0.44544153847772566,1.0,0.46503102527411655,0.0,0.46503102527411655,4.0,0.47264863598163565
0,1.0,0.37411887682245776,0.0,0.1322397251373423,1.0,0.3402381924574655,0.0,0.3402381924574655
0,1.0,0.29531138189949724,0.0,0.26860126406910884,1.0,0.3579664275379963,0.0,0.2594130114433536
0,0.0,0.06469437908900241,1.0,0.2815237890223795,0.0,-0.17801775427294664,1.0,0.02708529634143615
0,0.0,0.24672442486819993,1.0,0.47838896295033556,0.0,0.26956411285943777,1.0,0.42899419545359235
0,0.0,0.41653031511815997,1.0,0.584668781224212,0.0,0.5584766717574123,4.0,0.06812922009631268
0,1.0,0.08907751186373829,0.0,-0.18563765601111326,1.0,0.029990163948125183,0.0,0.029990163948125183
0,0.0,0.38728848000184074,2.0,0.5253354279851377,2.0,0.5253354279851377,2.0,0.337920795235029
0,0.0,0.3701388077463109,2.0,0.5691027194563647,2.0,0.5691027194563647,2.0,0.41629905413958745
0,0.0,0.09340932476792968,1.0,0.34964103291636905,0.0,0.00040991682397170973,1.0,0.30444740804811954
0,1.0,0.4998200503861174,0.0,0.4848600016076853,1.0,-0.03376135660042382,0.0,-0.03376135660042382
0,0.0,0.4398900282128437,1.0,0.4880346878345006,0.0,0.4880346878345006,4.0,0.42965609712890934
0,1.0,0.19181494815872954,0.0,-0.2301444062549052,1.0,0.024389058645787547,0.0,0.024389058645787547
0,0.0,0.31416741869506887,1.0,0.19197898597500948,0.0,0.19197898597500948,1.0,-0.04374327417454707
0,1.0,0.4460023828619889,0.0,0.34180382058997294,1.0,0.4646579870939972,0.0,0.4646579870939972
0,0.0,0.42604357527681763,2.0,0.3837960337485904,2.0,0.3837960337485904,2.0,0.037719031310342994
0,1.0,0.45546241172013446,0.0,0.36595900409000054,1.0,0.45193507236254504,0.0,0.45193507236254504
0,0.0,0.25628068272404386,1.0,0.3887108790936314,0.0,0.36517063332717964,1.0,0.2460493726557087
0,1.0,0.3384897753217484,0.0,0.027411060018650357,1.0,0.2666698850351489,0.0,0.2666698850351489
0,0.0,0.25600926403923685,1.0,0.49311511477392705,0.0,0.3393309448557518,1.0,0.47309737041156646
0,1.0,0.1976145694706347,0.0,0.03619978872641419,3.0,0.5621249027770443,3.0,0.45424567782756003
0,0.0,0.4784026573234504,1.0,0.3819364447222054,0.0,0.3819364447222054,4.0,0.5963192663353417
0,0.0,0.19243462378155793,2.0,0.6783761725393093,2.0,0.6182716491736099,2.0,0.6182716491736099
0,1.0,0.4296545322499942,0.0,0.34089933520458576,1.0,0.5023063893036401,0.0,0.5023063893036401
0,1.0,0.46434363208502916,0.0,0.38551076149106517,1.0,0.4431078085099065,0.0,0.4431078085099065
0,1.0,0.2147837801229072,0.0,0.07380897450250737,1.0,0.2703522268145708,0.0,0.2703522268145708
0,1.0,0.32867599181278123,0.0,0.025418357355159706,1.0,0.2459700119235388,0.0,0.2459700119235388
0,0.0,0.46678873175794244,1.0,0.029897302325447305,0.0,0.029897302325447305,4.0,0.4982207245025166
0,0.0,0.3313191963062904,2.0,0.6169652838541723,2.0,0.6169652838541723,2.0,0.4977974717985562
0,0.0,0.28653760244197213,1.0,0.3860869408952016,0.0,0.37809246616184145,1.0,0.17953541727371
0,0.0,0.09402946331591537,2.0,0.6241528804229496,2.0,0.5419107931459275,2.0,0.5419107931459275
0,1.0,0.3996210114660285,0.0,0.3486944669070106,1.0,0.0982317684788826,0.0,0.0982317684788826
0,1.0,0.4143118158642093,0.0,0.30194799900026426,1.0,0.4793317253147145,0.0,0.4793317253147145
0,0.0,0.3447681724376551,1.0,0.554864534074696,0.0,0.48920069395569893,1.0,0.32530319463197477
0,1.0,0.4700617210336358,0.0,0.4516538339879947,1.0,0.2732181522409785,0.0,0.2732181522409785
0,1.0,0.09194212098394909,0.0,-0.12187504810963211,3.0,0.44401519547427826,3.0,0.29199801708605716
0,0.0,0.4295413790148428,1.0,0.42051467847426627,0.0,0.42051467847426627,1.0,-0.2553997403873212
0,0.0,0.27357487466653374,1.0,0.5042583871199381,0.0,0.38612831379181967,1.0,0.4564180737313954
0,1.0,0.07376791542622309,0.0,-0.032435766570029695,1.0,0.03897612565082126,0.0,-0.12600663853495703
0,0.0,0.34565502716332536,2.0,0.31232217962653597,2.0,0.31232217962653597,2.0,0.1526226055343957
0,0.0,0.43103494740859977,1.0,0.479549473270202,0.0,0.479549473270202,4.0,0.4082129427297634
0,1.0,-0.07522543841934291,0.0,-0.29255000170875745,1.0,-0.14198171038336455,0.0,-0.14198171038336455
0,1.0,0.19073207611791126,0.0,-0.29378776006172985,1.0,-0.06344867129137356,0.0,-0.06344867129137356
0,1.0,0.4624907370626077,0.0,0.34159515905800536,1.0,0.5044459701249094,0.0,0.5044459701249094
0,0.0,0.24010331327023487,1.0,-0.20210824387061008,0.0,-0.20210824387061008,1.0,-0.23284988988718103
0,0.0,0.33769351833398853,2.0,0.52988201655856,2.0,0.52988201655856,2.0,0.4044961279658686
0,0.0,0.4596576541468113,1.0,0.36620366009761374,0.0,0.36620366009761374,4.0,0.5714751892512258
0,0.0,0.16913224550858355,1.0,0.39724005315416483,0.0,0.07174330164315522,1.0,0.275989584768432
0,1.0,0.08711389405504245,0.0,0.026644178057415212,1.0,0.1292981437133726,0.0,0.002334639172219345
0,1.0,0.4495721209802989,0.0,0.33336871865039996,1.0,0.47228786970996517,0.0,0.47228786970996517
0,1.0,0.3890529679311022,0.0,0.35083679309962273,1.0,0.23774213886138595,0.0,0.23774213886138595
0,0.0,0.19344039582480088,1.0,0.23313909763964027,0.0,0.19828608180892313,1.0,0.16607723042679196
0,1.0,0.3992156432082733,0.0,0.3146710824228376,3.0,0.5805336783647671,3.0,0.5726823341541591
0,0.0,0.4639642792301179,1.0,-0.06753282164012331,0.0,-0.06753282164012331,4.0,0.41618586282550074
0,0.0,0.389726995566142,2.0,0.47890017741951346,2.0,0.47890017741951346,2.0,0.2785340723612616
0,0.0,0.19798884582211032,1.0,0.4011440616758263,0.0,0.35847010113686384,1.0,0.43819021062562624
0,0.0,0.2864044149237196,2.0,0.5804873476667056,2.0,0.5804873476667056,2.0,0.4682052127456155
0,1.0,0.3444187873161015,0.0,0.23165658264762307,3.0,0.6418683835967037,3.0,0.5756859888876664
0,0.0,0.27287278613547206,2.0,0.5745010584221832,2.0,0.5744489361033177,2.0,0.46666760651783323
0,1.0,0.2867794477882525,0.0,0.23799055809466257,1.0,0.3865688205943306,0.0,0.3865688205943306
0,1.0,0.2398298004718515,0.0,0.15550457754532418,1.0,0.17324623840001419,0.0,0.017995437235647095
0,0.0,0.4558322361521992,1.0,0.17369812751839503,0.0,0.17369812751839503,4.0,0.4766261579571835
0,0.0,0.344454185678342,1.0,0.3201591317029662,0.0,0.3201591317029662,1.0,-0.019771273454926727
0,0.0,0.0030279072281186653,2.0,0.5529006427818849,2.0,0.4441690510374658,2.0,0.4441690510374658
0,1.0,0.5157051367009702,0.0,0.5128095390793699,1.0,0.33557398088953966,0.0,0.33557398088953966
0,1.0,0.4786800659929833,0.0,0.43721722769797716,3.0,0.23240364863274587,3.0,0.23240364863274587
0,1.0,0.5159621647027093,0.0,0.5003912091005926,1.0,0.113235436068558,0.0,0.113235436068558
0,1.0,0.4855420074163086,0.0,0.48037591360454895,1.0,0.37027195799620194,0.0,0.37027195799620194
0,0.0,0.4159733929514344,1.0,0.5253963208220681,0.0,0.5253963208220681,4.0,0.2784972027741401
0,0.0,0.43223051781488286,1.0,0.2349565199409496,0.0,0.2349565199409496,4.0,0.36612618585862994
0,1.0,0.37199920048637464,0.0,0.29989419199950884,1.0,-0.05761839666062169,0.0,-0.05761839666062169
0,1.0,-0.054312284673856,0.0,-0.32515404868380177,1.0,-0.17052260889082263,0.0,-0.17052260889082263
0,1.0,0.4082922331777736,0.0,0.32941184182930994,3.0,0.4245158911492449,3.0,0.4245158911492449
0,1.0,0.5000015212001901,0.0,0.4408068304645424,1.0,0.5141436126459739,0.0,0.5141436126459739
0,1.0,0.1639173207476575,0.0,-0.322177739802128,1.0,-0.10467921741117123,0.0,-0.10467921741117123
0,0.0,0.09985505840836192,1.0,0.11991884184714163,0.0,0.029501628778774113,1.0,0.09799559131193426
0,1.0,0.4768297238471213,0.0,0.39285815565608523,1.0,0.4873393642537475,0.0,0.4873393642537475
0,0.0,0.1373900473506105,1.0,0.37265174331606804,0.0,-0.008315007139557715,1.0,0.23250579208550975
0,0.0,0.40891188825573804,2.0,0.394730012196152,2.0,0.394730012196152,2.0,0.0676706908735057
0,0.0,0.18609582511401973,1.0,0.3695221943658194,0.0,0.3655642826045935,1.0,0.4003367409359902
0,1.0,-0.029358751862614406,0.0,-0.23959872167775337,1.0,-0.2633305005463756,0.0,-0.4521223794446621
0,0.0,0.47494516602088516,1.0,0.3947450898099026,0.0,0.3947450898099026,4.0,0.5912283192270289
0,0.0,0.3619255525173002,1.0,0.34893017764863044,0.0,0.34893017764863044,1.0,-0.04597814035416171
0,1.0,0.056077556103334404,0.0,-0.06375398766244873,1.0,-0.004014162990555949,0.0,-0.17137317625127288
0,1.0,0.4827839216554848,0.0,0.40331208057433615,1.0,0.5457236448814745,0.0,0.5457236448814745
0,1.0,0.24023900885302663,0.0,0.22474605245059673,1.0,0.35817318729458403,0.0,0.30856536311297966
0,1.0,0.31956495005897884,0.0,0.1970184924961167,3.0,0.663521361505513,3.0,0.581644863825323
0,1.0,0.37123792934568145,0.0,0.3656728678354726,1.0,0.4196957473866448,0.0,0.39017720469702827
0,0.0,0.4787960183700594,1.0,0.27799898007041934,0.0,0.27799898007041934,4.0,0.6232851053990437
0,1.0,0.359252275420804,0.0,0.08108347141019026,1.0,0.32792870058249646,0.0,0.32792870058249646
0,1.0,0.2813319789844664,0.0,-0.12889413123752852,1.0,0.13391256787776687,0.0,0.13391256787776687
0,0.0,0.4446035856553558,1.0,0.5516660031272881,0.0,0.5516660031272881,4.0,0.2744095795523348
0,1.0,0.38446585146113427,0.0,0.16264886269390696,1.0,0.3916623104419961,0.0,0.3916623104419961
0,0.0,0.456290919767649,1.0,0.4802787520383209,0.0,0.4802787520383209,4.0,0.49043317533068653
0,0.0,0.4072587715205363,1.0,0.5329134463663773,0.0,0.5181978449884719,4.0,0.22353914967423025
0,1.0,0.27684925053975,0.0,0.13638345538224717,1.0,0.333223846821133,0.0,0.333223846821133
0,0.0,0.4796570746005678,1.0,0.2388885392075672,0.0,0.2388885392075672,4.0,0.6205912556869411
0,1.0,0.4106377744019767,0.0,0.2409987762825527,1.0,0.44693576381748545,0.0,0.44693576381748545
0,0.0,0.4448747139453349,1.0,-0.2214482925048291,0.0,-0.2214482925048291,4.0,0.25742398857071036
0,1.0,0.49958520014813124,0.0,0.4977903321491406,1.0,0.38011040586863176,0.0,0.38011040586863176
0,1.0,0.07992859156127756,0.0,-0.2007871123289808,1.0,0.01063347602753782,0.0,0.01063347602753782
0,1.0,0.1608051649195842,0.0,-0.2765562435395971,1.0,-0.04413968110084087,0.0,-0.04413968110084087
0,0.0,0.46730891700398136,1.0,0.24759083962446127,0.0,0.24759083962446127,4.0,0.6107220034896776
0,0.0,0.2747281582397136,2.0,0.6771390396074615,2.0,0.6514423564428079,2.0,0.6062751677229283
0,0.0,0.40156507559953925,1.0,-0.06639731947980435,0.0,-0.06639731947980435,4.0,0.1891585525583858
0,1.0,0.3306854099429088,0.0,0.24643090488115132,3.0,0.5720675101100672,3.0,0.5451347254109262
0,1.0,-0.0180907123489553,0.0,-0.5332451396994667,1.0,-0.41019222377333986,0.0,-0.41019222377333986
0,0.0,-0.03075613457656277,2.0,0.5130023963952339,2.0,0.39651293053424813,2.0,0.39651293053424813
0,0.0,0.23352046887951727,2.0,0.4953281849726994,2.0,0.45579304091078027,2.0,0.42700158073546235
0,1.0,0.3534292195612175,0.0,0.06515012384722671,1.0,0.3000158501237972,0.0,0.3000158501237972
0,1.0,0.15218861925103672,0.0,0.046673346494248265,1.0,0.09882839064493379,0.0,-0.09101080354896136
0,0.0,0.4575183380359935,1.0,0.3560305222990376,0.0,0.3560305222990376,4.0,0.4336574373569292
0,0.0,0.21769253615209377,2.0,0.6517979523606208,2.0,0.5887940330522131,2.0,0.5887940330522131
0,1.0,0.23982191534839944,0.0,0.06539360432282121,3.0,0.6046738347273913,3.0,0.47396451654137434
0,1.0,0.288576990993831,0.0,-0.1125854422070786,1.0,0.16183494579454588,0.0,0.16183494579454588
0,0.0,0.45494496711477594,1.0,0.43790637528906856,0.0,0.43790637528906856,4.0,0.5237544107402352
0,1.0,0.00043656831982716516,0.0,-0.17260739939140962,1.0,-0.1632984168427505,0.0,-0.3417512405393065
0,0.0,0.10559239831874533,2.0,0.5723360184348217,2.0,0.4970969931780626,2.0,0.4970969931780626
0,0.0,0.45565136578736865,1.0,0.4990468689064184,0.0,0.4990468689064184,4.0,0.3533992638921932
0,0.0,0.18828349695749325,2.0,0.6546594723212766,2.0,0.58274483298573,2.0,0.58274483298573
0,0.0,0.29533899908723443,1.0,0.42578922306908457,0.0,0.4106793098979636,1.0,0.208149743001803
0,0.0,0.46973221971153056,1.0,0.2993537800235384,0.0,0.2993537800235384,4.0,0.521146570323697
0,1.0,0.39949938090853915,0.0,0.37602067727051086,1.0,0.47688205247280613,0.0,0.4649690269223478
0,0.0,0.3508681882900141,2.0,0.6076191422055195,2.0,0.6076191422055195,2.0,0.4763183569676212
0,1.0,0.4714815630617145,0.0,0.3674632756129231,1.0,0.5252546327591555,0.0,0.5252546327591555
0,0.0,0.18844176989262443,1.0,0.09373563552843726,0.0,0.09373563552843726,1.0,0.0844312550459922
0,1.0,-0.18252635147070112,0.0,-0.4602896404373797,1.0,-0.3537171651623971,0.0,-0.3537171651623971
0,0.0,0.4343455490006424,2.0,0.32182458597815605,2.0,0.32182458597815605,2.0,-0.0654011465235717
0,1.0,0.36071705686131156,0.0,0.30261668317316476,1.0,0.13414636072570676,0.0,0.13414636072570676
0,1.0,0.23298576899216406,0.0,0.08635486848531673,3.0,0.6016411525662542,3.0,0.5024766560075218
0,1.0,0.4673426601425753,0.0,0.38754364039612094,1.0,0.4524147589201196,0.0,0.4524147589201196
0,0.0,0.35179278263477815,2.0,0.43974542198901756,2.0,0.43974542198901756,2.0,0.21916530612898372
0,1.0,0.4018821192118712,0.0,0.2449883985041342,1.0,0.44692464937117954,0.0,0.44692464937117954
0,1.0,0.5078933112928069,0.0,0.49075978336394793,1.0,-0.034308871579983545,0.0,-0.034308871579983545
0,0.0,0.08872545004953197,1.0,0.32210096316157205,0.0,-0.13227167295303385,1.0,0.11707786872035025
0,1.0,0.3696308055558617,0.0,0.21687451937093818,1.0,0.4190374286839922,0.0,0.4190374286839922
0,0.0,0.35309191073450075,2.0,0.5537803529802756,2.0,0.5537803529802756,2.0,0.3908574378265749
0,1.0,0.339370735890617,0.0,0.25410186452066086,3.0,0.5889858172827349,3.0,0.5625752511736303
0,1.0,0.3695600603625032,0.0,0.2864647057458695,3.0,0.1844066087786426,3.0,0.1844066087786426
0,1.0,0.2765399858133027,0.0,-0.09508810232496617,1.0,0.13023931870871627,0.0,0.13023931870871627
0,0.0,0.32550262385436085,2.0,0.6358841374781141,2.0,0.6358841374781141,2.0,0.5353713983108704
0,1.0,0.4938864550173115,0.0,0.420498545404109,1.0,0.5229688892389982,0.0,0.5229688892389982
0,0.0,-0.17943190469554604,2.0,0.3028010993461927,2.0,0.12091492398929019,2.0,0.12091492398929019
0,1.0,0.36243723331724137,0.0,0.35963411034858783,1.0,0.43031994744725993,0.0,0.39143718440031006
0,0.0,0.45823078888301844,1.0,0.4636037042608166,0.0,0.4636037042608166,4.0,0.5126323634733463
0,1.0,-0.08349995077971263,0.0,-0.20370203492456987,1.0,-0.05450805226793918,0.0,-0.05450805226793918
0,0.0,-0.0553976880906434,2.0,0.4930900651793241,2.0,0.3543955613287319,2.0,0.3543955613287319
0,0.0,0.2575359794269971,2.0,0.6844333784662268,2.0,0.648885203186512,2.0,0.6196887304440698
0,0.0,-0.13272737260587464,2.0,0.4033163969609505,2.0,0.2314741120673575,2.0,0.2314741120673575
0,1.0,0.26341328722936946,0.0,-0.12846275759064196,1.0,0.15283107550071814,0.0,0.15283107550071814
0,0.0,0.2574907166586867,2.0,0.5855780208333154,2.0,0.5730341023207715,2.0,0.4879390266618077
0,0.0,0.3604875695702465,1.0,0.5497106421049309,0.0,0.45912295494013133,1.0,0.09824123321524532
0,1.0,0.13577929603096767,0.0,-0.2660818010233994,1.0,-0.03983547298622476,0.0,-0.03983547298622476
0,1.0,-0.061653629819447796,0.0,-0.31743710210952514,3.0,0.12910596767889665,3.0,-0.1876025535147936
0,0.0,0.24173758181397573,2.0,0.607658878492338,2.0,0.5617485302608837,2.0,0.5423320815187685
0,0.0,0.11897020821459255,2.0,0.6307648231392997,2.0,0.5568514258366785,2.0,0.5568514258366785
0,0.0,0.428326413250717,1.0,0.4937304653306217,0.0,0.4937304653306217,4.0,0.38070932447962674
0,0.0,0.4610119958991578,1.0,0.08794305866579302,0.0,0.08794305866579302,4.0,0.5277628341536975
0,0.0,0.22525218803103864,1.0,0.4667470771477331,0.0,0.2951684487946945,1.0,0.489518349522637
0,0.0,0.3973640716677017,1.0,0.5834135282950003,0.0,0.5508834037503757,1.0,0.10419067045077769
0,0.0,0.4195341971003543,1.0,-0.26926423899669927,0.0,-0.26926423899669927,4.0,0.15604812975196825
0,0.0,0.3996667394746214,2.0,0.49786389867173614,2.0,0.49786389867173614,2.0,0.2723189320753743
0,0.0,-0.13571520868672332,2.0,0.3864515058955027,2.0,0.22419154393774324,2.0,0.22419154393774324
0,0.0,-0.2414177158552355,1.0,-0.06763175260308497,0.0,-0.4293965582340341,1.0,-0.21699197694451106
0,0.0,0.3087131760778875,2.0,0.45106417691362244,2.0,0.45106417691362244,2.0,0.27732622453840533
0,1.0,0.3876388016579677,0.0,0.1990076395464549,1.0,0.3665395574642749,0.0,0.3665395574642749
0,0.0,0.33907118410081477,2.0,0.16571788456403572,2.0,0.16571788456403572,2.0,0.012626093855285502
0,0.0,0.3223980156257072,1.0,-0.09483597721056682,0.0,-0.09483597721056682,1.0,-0.18075838255343316
0,0.0,0.23448672299693568,1.0,0.3853206616547017,0.0,0.3698436127348541,1.0,0.30602880277392847
0,0.0,0.3920793968330482,2.0,0.17687238446216108,2.0,0.17687238446216108,2.0,-0.08067839602871586
0,1.0,-0.014092006333738107,0.0,-0.08806245328653946,1.0,0.0075516538349148605,0.0,-0.11142441977212507
0,0.0,0.4109151251710069,2.0,0.3047523158156861,2.0,0.3047523158156861,2.0,0.009943900701997868
0,0.0,0.13910819159157026,1.0,0.391602175363385,0.0,0.1178004047961421,1.0,0.3837912939906129
0,0.0,0.3003193494943541,1.0,0.28076450015877547,0.0,0.28076450015877547,1.0,0.05334005780074445
0,0.0,0.4228993866438061,2.0,0.394351917319881,2.0,0.394351917319881,2.0,0.05526176376507412
0,0.0,0.36186504445736106,1.0,0.5366742737293073,0.0,0.5277284513791173,1.0,0.20647516471957864
0,0.0,-0.005257420195490281,2.0,0.5410568047768485,2.0,0.42193315216759497,2.0,0.42193315216759497
0,1.0,0.41288866955528364,0.0,0.25495818374854223,1.0,0.41129998544489127,0.0,0.41129998544489127
0,0.0,0.31762294461752616,1.0,0.5230967958666104,0.0,0.4725940585199603,1.0,0.36517780375798786
0,0.0,0.4329718400677421,1.0,0.2825324279008517,0.0,0.2825324279008517,4.0,0.5214906823871467
0,1.0,0.4204052835800373,0.0,0.24126886682511395,1.0,0.4448692937240126,0.0,0.4448692937240126
0,0.0,0.40948545595788405,2.0,0.4103894803457835,2.0,0.4103894803457835,2.0,0.14777186247612484
0,1.0,0.4940503622339961,0.0,0.47821210771613726,1.0,-0.06331718926093757,0.0,-0.06331718926093757
0,0.0,0.2018013755173565,1.0,0.4374480376783024,0.0,0.16530429865497112,1.0,0.3646498500784763
0,0.0,0.46958555596209395,1.0,0.4696254877678622,0.0,0.4696254877678622,4.0,0.48053238249563485
0,1.0,0.02897012805980193,0.0,-0.1081659219497216,1.0,0.07556211982401964,0.0,0.07556211982401964
0,0.0,0.4379178996822214,1.0,-0.10899983584733583,0.0,-0.10899983584733583,4.0,0.3591146736177793
0,1.0,0.5102062377338117,0.0,0.4905915393204933,1.0,-0.04154097421482439,0.0,-0.04154097421482439
0,0.0,0.33038058248938396,1.0,0.5408893459554375,0.0,0.47795419895991964,1.0,0.35623442434376645
0,0.0,0.31941214243514754,1.0,0.08950661244948975,0.0,0.08950661244948975,1.0,-0.11022345258710545
0,0.0,-0.04400860745343231,2.0,0.46326881840737705,2.0,0.3475021645632107,2.0,0.3475021645632107
0,0.0,0.39513729868764935,2.0,0.4540422109075608,2.0,0.4540422109075608,2.0,0.1913794653372672
0,0.0,-0.010636321791372012,1.0,0.24841029917257806,0.0,-0.16175749431773082,1.0,0.173450889208067
0,1.0,0.5166682319783958,0.0,0.5118937304902609,1.0,0.2831886077785175,0.0,0.2831886077785175
0,0.0,0.40239920212490987,2.0,0.4522800962295494,2.0,0.4522800962295494,2.0,0.21860345359725145
0,0.0,0.3251595604672846,1.0,0.5252732770787218,0.0,0.4014093944116766,1.0,0.22235692167393808
0,0.0,0.40166769000337904,2.0,0.4681949924856317,2.0,0.4681949924856317,2.0,0.21070641469243234
0,1.0,0.22420316254448888,0.0,0.05701964216485456,3.0,0.6113396081244722,3.0,0.5003316770920605
0,1.0,0.21375146801431794,0.0,-0.26723924890752776,1.0,-0.04850583523009919,0.0,-0.04850583523009919
0,1.0,-0.15307758299358712,0.0,-0.3085731024663219,1.0,-0.18301643977706822,0.0,-0.18301643977706822
0,1.0,0.23212118793790373,0.0,-0.21785384023696547,1.0,0.005464394033423441,0.0,0.005464394033423441
0,1.0,0.31444100421512533,0.0,0.30943820578091275,1.0,0.42079829828673554,0.0,0.34276013332892946
0,1.0,0.4970693175996583,0.0,0.476766944621168,1.0,0.16348020002233124,0.0,0.16348020002233124
0,0.0,-0.28118280894995856,1.0,-0.15224515539592742,0.0,-0.31482353082789344,1.0,-0.09553374031859774
0,0.0,-0.059083331527801694,1.0,0.19747230724586068,0.0,-0.25394910558346245,1.0,0.06509588787865928
0,0.0,0.399909523336907,1.0,0.587410335136068,0.0,0.5312175522040472,4.0,-0.00726129801488568
0,0.0,0.4342864727730533,1.0,0.5679783617790937,0.0,0.5679783617790937,4.0,0.20233973114231332
0,1.0,0.3625109685728875,0.0,0.13355800426336634,1.0,0.31860888002135146,0.0,0.31860888002135146
0,1.0,0.46838413919898975,0.0,0.39796868582121964,1.0,0.42817229753460206,0.0,0.42817229753460206
0,0.0,0.23112023210000207,2.0,0.6790470730206101,2.0,0.626127144933336,2.0,0.6224947037710555
0,1.0,0.46564990609809825,0.0,0.36015706979432494,1.0,0.4997722242653589,0.0,0.4997722242653589
0,0.0,0.3356456030876605,1.0,0.5422797166329145,0.0,0.42787417155025653,1.0,0.24792915180349198
0,1.0,0.26179149381518624,0.0,0.09784776509243541,3.0,0.6012493682311073,3.0,0.46712598238903913
0,0.0,0.2950734049950756,2.0,0.2944857882441848,2.0,0.2944857882441848,2.0,0.18960276370250803
0,1.0,-0.026827723860353314,0.0,-0.03566696515941799,1.0,0.10191295715915076,0.0,0.03632523768742608
0,0.0,-0.12229839267123262,2.0,0.4172255315994989,2.0,0.25419101080693923,2.0,0.25419101080693923
0,1.0,0.26229058875015426,0.0,0.2497944652759991,1.0,0.3620781108517142,0.0,0.2756193989861052
0,1.0,0.3609215685988074,0.0,0.215209870534968,1.0,0.41404699977560216,0.0,0.41404699977560216
0,0.0,0.32077175146341746,2.0,0.5123149494971179,2.0,0.5123149494971179,2.0,0.39791975236869115
0,1.0,0.49062857371500096,0.0,0.46072806257509574,1.0,-0.008910332105539117,0.0,-0.008910332105539117
0,1.0,0.491457505179817,0.0,0.43031113713533836,1.0,0.45601484490305655,0.0,0.45601484490305655
0,0.0,0.4155539644014249,1.0,0.5572536817665992,0.0,0.5572536817665992,1.0,-0.03227192114561928
0,1.0,-0.13477816169099008,0.0,-0.39408942955631543,1.0,-0.2686148374274448,0.0,-0.2686148374274448
0,1.0,0.43668058446871333,0.0,0.32722112513007806,1.0,0.5000575331227776,0.0,0.5000575331227776
0,1.0,0.2695156365273698,0.0,0.14376718612555345,3.0,0.6255079722973068,3.0,0.5363806613329927
0,0.0,0.3696998562202953,1.0,0.5739444338764416,0.0,0.4969727032335766,4.0,-0.20702483868052235
0,1.0,0.35869795348576733,0.0,0.12442647155297198,1.0,0.3111737114977241,0.0,0.3111737114977241
0,1.0,0.39638486049968175,0.0,0.18040945225683266,1.0,0.3859614596562296,0.0,0.3859614596562296
0,1.0,0.41679222868483623,0.0,0.34188616935160165,3.0,0.5566889571289381,3.0,0.5566889571289381
0,0.0,0.20294844141233664,1.0,0.3615968132248038,0.0,0.3486383771426558,1.0,0.34127193174550274
0,1.0,0.31303279376215604,0.0,-0.04511717242574851,1.0,0.2294200315815029,0.0,0.2294200315815029
0,0.0,0.12382079263237748,1.0,0.356402406227856,0.0,-0.04684719368397034,1.0,0.19463562991954517
0,1.0,0.5173542102536934,0.0,0.4940929451304505,1.0,0.3896442807606174,0.0,0.3896442807606174
0,1.0,-0.021643520113662017,0.0,-0.263801625536858,3.0,0.26677042355671404,3.0,0.0199082001001666
0,0.0,0.3837567871195633,2.0,0.4953933204520084,2.0,0.4953933204520084,2.0,0.27335091816424684
0,0.0,0.4185560506239403,2.0,0.32813280708219167,2.0,0.32813280708219167,2.0,-0.06890204430482946
0,1.0,-0.056032976945862456,0.0,-0.36416318516725116,1.0,-0.21417162308871404,0.0,-0.21417162308871404
0,1.0,0.4829164100546866,0.0,0.44733401765063946,1.0,0.4946330249737738,0.0,0.4946330249737738
0,1.0,0.04408730563134582,0.0,-0.046536896107737626,1.0,0.039947531158544866,0.0,-0.10522471327464428
0,0.0,0.31458376842054997,1.0,0.5085492831655916,0.0,0.3775569663661623,1.0,0.2017738215650614
0,0.0,0.47915128791695827,1.0,0.2711938644104572,0.0,0.2711938644104572,4.0,0.5909447149430961
0,0.0,0.46694085908278543,1.0,0.08385960170752506,0.0,0.08385960170752506,4.0,0.48068558225172026
0,0.0,0.0123036505101943,2.0,0.5541603320604148,2.0,0.4512776084767055,2.0,0.4512776084767055
0,0.0,0.3977555873135404,1.0,0.5726412482628513,0.0,0.5548316990472633,1.0,0.09557604213910142
0,0.0,0.03054007348242227,2.0,0.567130190013378,2.0,0.470123407387695,2.0,0.470123407387695
0,1.0,0.08117048157384063,0.0,-0.1473154455353342,3.0,0.43672392608776023,3.0,0.26384437542955247
0,0.0,0.1097836597954614,2.0,0.6025449455921764,2.0,0.5090722685994737,2.0,0.5090722685994737
0,1.0,0.49441277742231626,0.0,0.48607569684919194,1.0,0.06173863749441485,0.0,0.06173863749441485
0,1.0,0.011696045492125412,0.0,-0.5238066188190283,1.0,-0.39616078105889846,0.0,-0.39616078105889846
0,0.0,0.09314696928519903,2.0,0.6202549447981534,2.0,0.539139077926668,2.0,0.539139077926668
0,1.0,0.3704397042254612,0.0,0.35170628180920765,1.0,0.36533497959514466,0.0,0.34469210456576826
0,1.0,0.44933733683191945,0.0,0.423824830200155,1.0,0.48148788339352083,0.0,0.48148788339352083
0,1.0,0.4308813751623757,0.0,0.4254562576875066,1.0,0.4065864136917769,0.0,0.4065864136917769
0,0.0,0.4533341485704929,1.0,-0.06040610730893414,0.0,-0.06040610730893414,4.0,0.4235533513461365
0,1.0,0.31918362300161934,0.0,0.15889615362926854,1.0,0.36560861088698476,0.0,0.36560861088698476
0,0.0,0.3050167780283303,2.0,0.6610642431035859,2.0,0.6560362718697327,2.0,0.5736547023785883
0,0.0,-0.07385456602804012,2.0,0.3724430738837789,2.0,0.25377215549687715,2.0,0.25377215549687715
0,0.0,0.4520510360456287,1.0,0.0871825981252602,0.0,0.0871825981252602,4.0,0.42233857980761036
0,0.0,0.4450910065848402,1.0,-0.23597355449564844,0.0,-0.23597355449564844,4.0,0.23784807703233066
0,1.0,0.28714956176187245,0.0,-0.06793967573613996,1.0,0.15585376534233333,0.0,0.15585376534233333
0,0.0,0.3917066049648429,1.0,0.5022027294368359,0.0,0.5022027294368359,1.0,0.028734039313500718
0,1.0,-0.001608325396399352,0.0,-0.1625744261188776,1.0,0.01622279187663412,0.0,0.01622279187663412
0,1.0,-0.10206138681226525,0.0,-0.3328706199406274,1.0,-0.19304137298296714,0.0,-0.19304137298296714
0,0.0,-0.11827767379499185,1.0,0.0995515202947394,0.0,-0.1296702942510245,1.0,0.17051139431014067
0,1.0,0.042392153760333603,0.0,-0.44351515316789825,1.0,-0.28529881052691514,0.0,-0.28529881052691514
0,1.0,0.14391018405203423,0.0,-0.04982718422843101,3.0,0.508978572975372,3.0,0.3801877913477408
0,0.0,0.4441360369381469,1.0,-0.06651651060023209,0.0,-0.06651651060023209,4.0,0.31316524392199546
0,0.0,0.42325712295203605,1.0,0.5692005375065999,0.0,0.5692005375065999,1.0,-0.08750686703873217
0,0.0,0.43331359829700467,1.0,-0.265957974516282,0.0,-0.265957974516282,4.0,0.18490703867449015
0,0.0,-0.16643655413656142,1.0,0.046064971410353726,0.0,-0.2802540393610158,1.0,0.005525055070184907
0,1.0,0.24078090099356017,0.0,0.21622799316746658,1.0,0.3215330239208242,0.0,0.2224956062657123
0,0.0,-0.009358240129327554,1.0,0.241884287452644,0.0,-0.06670359272397902,1.0,0.25454546886618445
0,0.0,0.4809672723714017,1.0,0.29808224605398126,0.0,0.29808224605398126,4.0,0.6143242511321252
0,0.0,0.3727460779650813,1.0,0.5737106861061851,0.0,0.520256738667765,1.0,0.22819015088873892
0,0.0,0.3871746748564125,2.0,0.5362236771096158,2.0,0.5362236771096158,2.0,0.34710907910171934
0,0.0,0.3392268516150338,2.0,0.4005881522044681,2.0,0.4005881522044681,2.0,0.25661922002160614
0,1.0,0.3316578886463954,0.0,0.06733479677858559,1.0,0.2586832572442714,0.0,0.2586832572442714
0,1.0,0.38286080714605064,0.0,0.31556588965512006,3.0,0.5520988700062764,3.0,0.5520988700062764
0,0.0,0.42337804075410307,1.0,0.4846325638715433,0.0,0.4846325638715433,1.0,-0.161975188722432
0,1.0,0.4665532234403556,0.0,0.4188296245000291,3.0,0.27075208711048365,3.0,0.27075208711048365
0,0.0,0.3679233350243372,2.0,0.5416182937354594,2.0,0.5416182937354594,2.0,0.3876190149682541
0,0.0,-0.011956199873097569,1.0,0.23163759478411003,0.0,-0.016021336732688064,1.0,0.2848896825871537
0,1.0,-0.01821927131177176,0.0,-0.2341537556496396,1.0,-0.26375781840140355,0.0,-0.4578522602948685
0,0.0,0.4198029212765989,1.0,-0.19206227549163096,0.0,-0.19206227549163096,4.0,0.24770610409128985
0,0.0,0.33677658918090214,1.0,0.17768449445392395,0.0,0.17768449445392395,1.0,-0.1040029256362922
0,0.0,0.43833064108780745,1.0,-0.18751675906028922,0.0,-0.18751675906028922,4.0,0.20483714833848288
0,0.0,0.14668032118991647,2.0,0.602486624635612,2.0,0.5131985179958876,2.0,0.5131985179958876
0,1.0,0.4714985111990106,0.0,0.3703961886052034,1.0,0.51012675799154,0.0,0.51012675799154
0,0.0,0.2923301093357732,2.0,0.6435801338051497,2.0,0.6377730583098408,2.0,0.5513657534523997
0,0.0,0.4558212138507739,1.0,-0.16523449098118725,0.0,-0.16523449098118725,4.0,0.3146429752600357
0,0.0,0.06090004772060919,2.0,0.5932466601208697,2.0,0.5043855864538017,2.0,0.5043855864538017
0,1.0,0.3536940075233927,0.0,0.06383631571301202,1.0,0.3017352861442884,0.0,0.3017352861442884
0,0.0,0.35282182222130487,1.0,0.5503106272872215,0.0,0.4518209809630486,1.0,0.16662175304674873
0,0.0,0.25862785057089094,1.0,-0.07224879378765674,0.0,-0.07224879378765674,1.0,-0.0987421666657445
0,0.0,-0.16943659490321714,1.0,0.05289564409043348,0.0,-0.40088376713946794,1.0,-0.15967340127457988
0,1.0,0.4838036502213626,0.0,0.4450017742843239,3.0,0.21735933640211325,3.0,0.21735933640211325
0,0.0,0.2928123492511227,1.0,0.5225538929099863,0.0,0.38857746330050436,1.0,0.4222027089185952
0,0.0,0.3886742652739393,2.0,0.3329657534285604,2.0,0.3329657534285604,2.0,0.10266739601611731
0,1.0,0.5065077027755489,0.0,0.504501362386003,1.0,0.18986297186824946,0.0,0.18986297186824946
0,0.0,0.47322625650075634,1.0,0.08680847987866676,0.0,0.08680847987866676,4.0,0.5315002564008221
0,1.0,0.47981855496058873,0.0,0.4645987001361919,1.0,0.24081354989826415,0.0,0.24081354989826415
0,0.0,-0.17526517261546143,2.0,0.33270119304317575,2.0,0.12361138998586955,2.0,0.12361138998586955
0,1.0,0.23582572947197453,0.0,0.056121855277588936,3.0,0.582653658414871,3.0,0.4387959556900315
0,1.0,0.43468206544693994,0.0,0.3935639485052908,3.0,0.4041878819493514,3.0,0.4041878819493514
0,1.0,0.4239955428285885,0.0,0.4102222045339503,1.0,0.36338727360890394,0.0,0.36338727360890394
0,0.0,0.2704835935794595,2.0,0.6651031282814022,2.0,0.636120974869131,2.0,0.5954301557861232
0,0.0,0.02817512156681728,2.0,0.5549651883324946,2.0,0.4585370282927587,2.0,0.4585370282927587
0,1.0,0.3606074353648998,0.0,0.09840780521060777,1.0,0.344181953999009,0.0,0.344181953999009
0,0.0,0.2893351229535067,2.0,0.6714137602176683,2.0,0.6553869042238529,2.0,0.5934346649136701
0,1.0,0.21473981900818453,0.0,0.06244169589040433,1.0,-0.16359363337159863,0.0,-0.2297927152532733
0,1.0,-0.031488116801290045,0.0,-0.28430792578959246,3.0,0.221412765581656,3.0,-0.0734529710708402
0,1.0,-0.08803975306977836,0.0,-0.28947026625053135,1.0,-0.3038672785013457,0.0,-0.4728626360145311
0,0.0,-0.034553330073085246,2.0,0.5190494700981936,2.0,0.39470877156629086,2.0,0.39470877156629086
0,0.0,0.4337595245643378,1.0,0.4466450189014494,0.0,0.4466450189014494,1.0,-0.2557030182405635
0,0.0,0.058372985734562316,1.0,0.3145172179650307,0.0,-0.019546608023150443,1.0,0.2957599133209808
0,0.0,0.23483328247130505,2.0,0.6825770604323395,2.0,0.6323141647714331,2.0,0.6251913864735227
0,1.0,0.3385900095744251,0.0,0.13035155445314536,1.0,0.35938613677070613,0.0,0.35938613677070613
0,0.0,-0.11949077046755804,1.0,0.12211236049866418,0.0,-0.311189669062057,1.0,-0.020891732724638568
0,1.0,0.322673140997803,0.0,-0.010017032123236597,1.0,0.2308952607390348,0.0,0.2308952607390348
0,0.0,0.4331059060710032,1.0,0.535299082564259,0.0,0.535299082564259,1.0,-0.17341582235503109
0,1.0,-0.08892542779935146,0.0,-0.14422802206630758,1.0,3.9116326379119514e-05,0.0,3.9116326379119514e-05
0,1.0,0.5017924594263566,0.0,0.490391753907983,1.0,0.42966568199780053,0.0,0.42966568199780053
0,0.0,0.461822218355408,1.0,0.3430432983276585,0.0,0.3430432983276585,4.0,0.5837784707108787
0,0.0,0.29090010935580674,2.0,0.6697654899489136,2.0,0.6544527361912016,2.0,0.5913555532325354
0,0.0,0.17908800297603836,1.0,0.42728196714348404,0.0,0.16005218443516991,1.0,0.3971948000518959
0,1.0,0.2175753367861094,0.0,0.1706049182023302,1.0,0.2605294144832001,0.0,0.1362453107496492
0,1.0,0.4731738400213868,0.0,0.434712338000201,3.0,0.36742704355967987,3.0,0.36742704355967987
0,0.0,0.40848262770118293,1.0,0.46413967260426575,0.0,0.46413967260426575,4.0,0.34379384487654113
0,1.0,0.20523960234085098,0.0,-0.1033457563327625,1.0,0.15373240478329425,0.0,0.15373240478329425
0,1.0,0.44154448641191063,0.0,0.296243982890311,1.0,0.46442108941315363,0.0,0.46442108941315363
0,0.0,0.28508935905273874,2.0,0.6282414149172468,2.0,0.6221118689022073,2.0,0.533152341264936
0,1.0,-0.03768262674878028,0.0,-0.5510498992449784,1.0,-0.43541913865393983,0.0,-0.43541913865393983
0,0.0,0.416473403642899,1.0,0.5749566761081757,0.0,0.5686343909969575,1.0,-0.032672157845689206
0,1.0,0.5041297925487219,0.0,0.46839860286468155,1.0,0.48362550131877236,0.0,0.48362550131877236
0,0.0,0.3578840023329563,1.0,0.5299506979693032,0.0,0.524962537270233,1.0,0.20786022691205783
0,0.0,0.13349931292219436,1.0,0.38113245870083956,0.0,0.01181702736092082,1.0,0.2811345597620536
0,1.0,0.32968833682833704,0.0,0.21529435302555924,3.0,0.6617265586293841,3.0,0.5931217028227771
0,0.0,0.34715943995609855,2.0,0.6094454211869751,2.0,0.6094454211869751,2.0,0.4883645211506408
0,0.0,0.45489360104367643,1.0,0.39176481044582767,0.0,0.39176481044582767,4.0,0.5485454262164418
0,1.0,0.4561298817407558,0.0,0.40119414316199054,3.0,0.42102833543755824,3.0,0.42102833543755824
0,0.0,0.3427672816798812,2.0,0.42290978195542617,2.0,0.42290978195542617,2.0,0.27758498458430225
0,1.0,0.49658568591466756,0.0,0.43019576784353813,1.0,0.4944109107836179,0.0,0.4944109107836179
0,1.0,0.17427669966636966,0.0,0.02106872512264804,1.0,-0.05274569166787106,0.0,-0.2261598798035826
0,1.0,0.28749791730193885,0.0,-0.1022652395637187,1.0,0.17858013745993498,0.0,0.17858013745993498
0,1.0,0.4712807420080279,0.0,0.4597974790362318,1.0,0.44879364025404345,0.0,0.44879364025404345
0,1.0,0.28579510468782643,0.0,0.14275195162947568,3.0,0.6530825089419703,3.0,0.5492503702152455
0,1.0,0.20229359154147664,0.0,0.07195070105997341,1.0,0.005905426253393965,0.0,-0.1574873206628919
0,1.0,0.5014697869313373,0.0,0.4405249399296038,1.0,0.501581316813394,0.0,0.501581316813394
0,0.0,0.2658351222882153,2.0,0.6754570186749241,2.0,0.6480007364401608,2.0,0.603498188969091
0,0.0,0.12050765794722397,1.0,0.3724934780245585,0.0,0.0019955779034053337,1.0,0.2873141281853915
0,0.0,0.3984118189396597,1.0,0.5486752672685757,0.0,0.5098801924936327,1.0,-0.15030855838265278
0,1.0,0.05015583175270087,0.0,-0.0919759379550338,1.0,-0.054165546058945115,0.0,-0.2313818455017853
0,0.0,0.4667833971625298,1.0,0.3485767646466954,0.0,0.3485767646466954,4.0,0.5941865944571776
0,1.0,0.28313443599228866,0.0,-0.09405525222816773,1.0,0.14127815053407147,0.0,0.14127815053407147
0,1.0,0.4577461655964359,0.0,0.3317263311957896,1.0,0.49321168746500554,0.0,0.49321168746500554
0,1.0,0.34652062143667633,0.0,0.2558278553791332,3.0,0.6202788333038993,3.0,0.5873215067223073
0,1.0,0.3748346579760431,0.0,0.1222629953108549,1.0,0.344744479764215,0.0,0.344744479764215
0,1.0,0.3418475418361388,0.0,0.05004131318865683,1.0,0.27339023543028623,0.0,0.27339023543028623
0,0.0,0.17538758218997066,2.0,0.5742919562488505,2.0,0.48343643223489696,2.0,0.48343643223489696
0,1.0,-0.15035145850724532,0.0,-0.419871877186019,1.0,-0.3010484351432952,0.0,-0.3010484351432952
0,1.0,0.3289292058281517,0.0,0.005881653511981841,1.0,0.24497535518473545,0.0,0.24497535518473545
0,1.0,0.2826131135129613,0.0,0.14067852735278874,3.0,0.6556199043529036,3.0,0.5553833176965414
0,0.0,0.47588234627539266,1.0,0.4323249045123032,0.0,0.4323249045123032,4.0,0.5550883407922584
0,1.0,-0.050846016812153734,0.0,-0.5587932897334904,1.0,-0.4467165155961657,0.0,-0.4467165155961657
0,1.0,0.25673112239526136,0.0,0.11671705994496905,3.0,0.6297243155308949,3.0,0.5345791102691628
0,0.0,0.4538705470406191,1.0,-0.1817862496965066,0.0,-0.1817862496965066,4.0,0.2897191546479938
0,0.0,-0.07998974189868492,2.0,0.4704084696299455,2.0,0.3280596660977567,2.0,0.3280596660977567
0,0.0,0.44729639370291724,1.0,0.5280481141343577,0.0,0.5280481141343577,4.0,0.39021488062212795
0,0.0,-0.10630349945106878,2.0,0.41418057484399434,2.0,0.27027524092165606,2.0,0.27027524092165606
0,0.0,0.41803934510185814,2.0,0.408460579530356,2.0,0.408460579530356,2.0,0.08471606409875303
0,0.0,0.4589375862520153,1.0,0.11678114905827924,0.0,0.11678114905827924,4.0,0.5401855650604996
0,1.0,0.1571405261429802,0.0,-0.0673899137052776,3.0,0.5072093536450768,3.0,0.32807531424046876
0,1.0,0.06804063390517577,0.0,-0.17319098015592713,3.0,0.412315890314007,3.0,0.21124586059365072
0,0.0,0.33506708805113855,1.0,0.5530358476228091,0.0,0.46064566633354403,1.0,0.3452320806081176
0,0.0,0.24118370545992324,1.0,0.45964801166964875,0.0,0.23994553431701837,1.0,0.37189053508337483
0,1.0,0.410226668666904,0.0,0.21390411653840505,1.0,0.4246847459737147,0.0,0.4246847459737147
0,1.0,0.43702768854387336,0.0,0.3765022236821311,3.0,0.528533201717523,3.0,0.528533201717523
0,0.0,-0.3199501236268816,1.0,-0.18989568030955367,0.0,-0.5639113676700045,1.0,-0.42117730411295756
0,1.0,0.278966177172022,0.0,0.27850759663248503,1.0,0.39858375976271176,0.0,0.32418675425860083
0,1.0,0.5108902076491039,0.0,0.4901542616107723,1.0,0.016328571969954978,0.0,0.016328571969954978
0,1.0,0.4989703779963114,0.0,0.4891830310980828,1.0,0.25550181036165315,0.0,0.25550181036165315
0,0.0,0.2098800418915683,1.0,0.45184203145876434,0.0,0.28173431121789877,1.0,0.4848321476860634
0,1.0,0.2432949213704543,0.0,0.18539209635489423,1.0,0.2584378586218452,0.0,0.1176458650734753
0,1.0,0.4302862921988023,0.0,0.36151222379142967,3.0,0.45460782304818353,3.0,0.45460782304818353
0,1.0,0.412853796838546,0.0,0.40608316499835606,1.0,0.4500540371536823,0.0,0.4500540371536823
0,1.0,0.34548126586825517,0.0,0.08451156612564568,1.0,0.33354002147843104,0.0,0.33354002147843104
0,1.0,0.19905325666905288,0.0,-0.1428304865636531,1.0,0.11794806701655575,0.0,0.11794806701655575
0,0.0,0.42567191600653514,1.0,0.2645340683838945,0.0,0.2645340683838945,4.0,0.32757582405023566
0,0.0,0.06010208575528831,1.0,0.19581634978883078,0.0,0.1574177566529577,1.0,0.29783230749708745
0,0.0,0.08978590281394526,1.0,0.25627411419729784,0.0,0.24338711092778056,1.0,0.3907373181366307
0,0.0,0.1849569732872937,2.0,0.6358310667359638,2.0,0.5757321034797849,2.0,0.5757321034797849
0,0.0,0.4240428305942687,1.0,0.5647520695802103,0.0,0.5542577561507869,4.0,0.20789210306899067
0,0.0,0.40310657628982116,1.0,0.36731351986946825,0.0,0.36731351986946825,1.0,-0.180186378140897
0,0.0,0.4339196380686501,1.0,0.4057048132215115,0.0,0.4057048132215115,4.0,0.47813174671253394
0,1.0,0.022535275957398262,0.0,-0.04621774385728811,1.0,0.11943322649736955,0.0,0.11943322649736955
0,0.0,-0.19221835676421062,1.0,0.009618875341034989,0.0,-0.34163987028416515,1.0,-0.08357368308783812
1,1.0,0.5077124236709509,0.0,0.49486912003492955,1.0,0.029646600430098834,0.0,0.029646600430098834
1,0.0,0.3554888196107308,2.0,0.5596869188276851,2.0,0.5596869188276851,2.0,0.42305233263654995
1,1.0,0.5053816418100402,0.0,0.4809390984281102,1.0,-0.018584087487721796,0.0,-0.018584087487721796
1,0.0,0.2700718373323932,2.0,0.5325647993981314,2.0,0.5174308671074456,2.0,0.4503270964216338
1,0.0,0.30574746255944507,1.0,0.48765756001456023,0.0,0.35644189408146537,1.0,0.15005037093871199
1,0.0,-0.29020308559895663,1.0,-0.14282750629987023,0.0,-0.5300635484647045,1.0,-0.36757607785685187
1,0.0,-0.27056585786480775,1.0,-0.11170270530945083,0.0,-0.5022883130604774,1.0,-0.32447774605827995
1,0.0,0.11756062884801381,2.0,0.6396358199830826,2.0,0.5634522734713558,2.0,0.5634522734713558
1,1.0,0.14482047325647288,0.0,-0.08557698657417816,3.0,0.48811109411797404,3.0,0.29895565215627334
1,0.0,0.45408602093019684,1.0,0.4390489476441448,0.0,0.4390489476441448,4.0,0.5204641756828069
1,1.0,0.4659922040728485,0.0,0.4277109820676395,3.0,0.37677955271181546,3.0,0.37677955271181546
1,0.0,0.23914199056240112,2.0,0.5751229408709926,2.0,0.5298214443862386,2.0,0.5083588580783959
1,0.0,0.45401068238697667,1.0,-0.18248176013380146,0.0,-0.18248176013380146,4.0,0.2916487834285249
1,1.0,0.44382468219171284,0.0,0.30798236200014695,1.0,0.49122435887646704,0.0,0.49122435887646704
1,0.0,-0.0021311362922988865,1.0,0.2352899238013397,0.0,0.03429002905400428,1.0,0.31366035200485015
1,0.0,0.470040256086414,1.0,0.17972562470991668,0.0,0.17972562470991668,4.0,0.5340187916330394
1,0.0,0.3284100312139517,1.0,0.5184127129431998,0.0,0.49323131000781534,1.0,0.31209782422554233
1,1.0,0.44457682772302953,0.0,0.2999193021140992,1.0,0.48321718552833304,0.0,0.48321718552833304
1,0.0,-0.2281893440527781,1.0,-0.04229494558963641,0.0,-0.4645222160958465,1.0,-0.262031628142099
1,0.0,0.4057556037522134,1.0,0.539500025973507,0.0,0.539500025973507,1.0,0.009640925418333508
1,1.0,0.5101371767376213,0.0,0.4720413288096849,1.0,0.42872063648494,0.0,0.42872063648494
1,1.0,0.24691816692445764,0.0,0.10936629533368553,1.0,-0.1744217200737127,0.0,-0.18733249812326128
1,0.0,0.15110809770294395,1.0,0.39991157328171856,0.0,0.1761386976577877,1.0,0.4236386240125087
1,0.0,-0.161571052900748,2.0,0.3329422030788977,2.0,0.16130301666625554,2.0,0.16130301666625554
1,0.0,0.3855706362286121,1.0,0.4840295328454432,0.0,0.4840295328454432,1.0,0.029837046656668944
1,0.0,0.013013588919735782,2.0,0.44937376797235556,2.0,0.3556943838974892,2.0,0.3556943838974892
1,0.0,0.380249243383304,2.0,0.5542447187351832,2.0,0.5542447187351832,2.0,0.3802311185845878
1,1.0,0.21433903576412722,0.0,0.09649880280077527,1.0,0.049210307969627866,0.0,-0.11470793264774269
1,1.0,0.4080181417917542,0.0,0.354311341461328,3.0,0.4896794157224805,3.0,0.4896794157224805
1,0.0,0.28706266692193694,1.0,0.5000133150427235,0.0,0.33517824678761243,1.0,0.32450040433700045
1,0.0,0.3867277418759907,1.0,0.5696251296850652,0.0,0.5009825876766756,1.0,-0.012530084204766074
1,0.0,0.03626434061610494,1.0,0.2787150893860076,0.0,0.06349863699512145,1.0,0.3414310930287019
1,1.0,0.4815742543032433,0.0,0.46267684436630635,1.0,0.2630128630179283,0.0,0.2630128630179283
1,0.0,-0.14373092423961298,2.0,0.3488837738080813,2.0,0.1899671973993347,2.0,0.1899671973993347
1,0.0,0.13485952142944305,2.0,0.6512426033732529,2.0,0.5769914259873284,2.0,0.5769914259873284
1,1.0,0.5048319684626001,0.0,0.4799566598893985,1.0,-0.11955671655349386,0.0,-0.11955671655349386
1,1.0,0.4918994194369611,0.0,0.4367033081963156,1.0,0.4363871073267251,0.0,0.4363871073267251
1,0.0,0.4438527463831254,1.0,0.04383387409673861,0.0,0.04383387409673861,4.0,0.4717875955041147
1,1.0,0.5066303904249659,0.0,0.49099705618726946,1.0,0.43636237464672833,0.0,0.43636237464672833
1,0.0,0.2742163075681219,1.0,0.47196818659738166,0.0,0.30068108635760277,1.0,0.2609986232525727
1,0.0,0.3365466765337986,2.0,0.3860604007333753,2.0,0.3860604007333753,2.0,0.2435664504968639
1,1.0,0.5112697343584197,0.0,0.4867116611075505,1.0,0.3686686543396243,0.0,0.3686686543396243
1,1.0,0.1074948955156162,0.0,-0.06850653148908957,3.0,0.41473384287511955,3.0,0.29455621683465627
1,0.0,0.3168693806348907,1.0,0.5312553087312267,0.0,0.39911507074825087,1.0,0.31155957288285635
1,1.0,-0.03413119278299646,0.0,-0.2712695969399031,3.0,0.24611243350641668,3.0,0.00560809261514825
1,1.0,0.42371294188948516,0.0,0.2480460369895877,1.0,0.4368542156718026,0.0,0.4368542156718026
1,1.0,0.4024550247889202,0.0,0.32280034642185035,3.0,0.5986393257324448,3.0,0.5985472899254433
1,0.0,0.2841386711938454,1.0,0.34653454791504457,0.0,0.34653454791504457,1.0,0.14343101250017154
1,1.0,0.42589617735751434,0.0,0.3693451253067794,3.0,0.5212613982222194,3.0,0.5212613982222194
1,1.0,0.08343691142825593,0.0,-0.16267129066531652,3.0,0.4167429513135071,3.0,0.20063123785048806
1,1.0,0.43531523814109485,0.0,0.37974517454863144,3.0,0.15635270925321204,3.0,0.15635270925321204
1,1.0,-0.09850593259480252,0.0,-0.3055555008355418,1.0,-0.32415208804418144,0.0,-0.4929442667152165
1,1.0,0.4867199124234836,0.0,0.4604502312298816,1.0,0.10693145584559258,0.0,0.10693145584559258
1,1.0,0.054811255953876335,0.0,0.0074781886398670346,1.0,0.1655449149549961,0.0,0.1655449149549961
1,0.0,0.40574944445451705,1.0,0.4474704431856048,0.0,0.4474704431856048,1.0,-0.1130864724480894
1,0.0,0.17289574452105538,2.0,0.660941639631978,2.0,0.5981731988989958,2.0,0.5981731988989958
1,1.0,0.3116865670289911,0.0,0.27512012136781977,1.0,0.3159317265197951,0.0,0.23816266102059705
1,1.0,0.480402578622861,0.0,0.4657139879884618,1.0,-0.0706606266941737,0.0,-0.0706606266941737
1,0.0,0.09957350556383668,1.0,0.15804627523559725,0.0,0.06591185935301315,1.0,0.14765136803356463
1,1.0,0.34351348636732815,0.0,0.0333322645321585,1.0,0.28685138029850443,0.0,0.28685138029850443
1,0.0,0.4800206405407602,1.0,0.36789410323461935,0.0,0.36789410323461935,4.0,0.5881986717492452
1,0.0,0.12706235659024145,2.0,0.625534964848374,2.0,0.5540270218816858,2.0,0.5540270218816858
1,0.0,0.20613169870237616,1.0,-0.004680143609917194,0.0,-0.004680143609917194,1.0,0.002286584988037435
1,1.0,0.5076020149090918,0.0,0.4605285683115326,1.0,0.4602531185064593,0.0,0.4602531185064593
1,0.0,0.23268252359996427,1.0,0.34840800620407913,0.0,0.3135855845141121,1.0,0.2279335064884173
1,0.0,0.4392216690274982,1.0,0.5176008289029437,0.0,0.5176008289029437,1.0,-0.2290929982022127
1,0.0,0.4325411058457261,1.0,-0.3004129841081395,0.0,-0.3004129841081395,4.0,0.13287426925432058
1,0.0,0.218309481659586,2.0,0.6844450268469515,2.0,0.6298564986529243,2.0,0.6272329731955807
1,0.0,0.38602296169077926,1.0,0.5838244045287503,0.0,0.5275074618892353,4.0,-0.1590118454788908
1,1.0,0.5064232008966197,0.0,0.48810562573207744,1.0,-0.0582717267282855,0.0,-0.0582717267282855
1,0.0,0.38896085635130667,1.0,0.5795768716969212,0.0,0.5132600701880529,4.0,-0.0555175149127039
1,1.0,0.4789238360175101,0.0,0.44046777201981135,3.0,0.348304337899253,3.0,0.348304337899253
1,0.0,0.4753996971592542,1.0,0.138878199155972,0.0,0.138878199155972,4.0,0.567070825095663
1,1.0,0.4510385504593047,0.0,0.3997226981779203,3.0,0.47913413484084666,3.0,0.47913413484084666
1,0.0,0.37815642135450067,2.0,0.5533567096629936,2.0,0.5533567096629936,2.0,0.37588014885453647
1,1.0,0.4960051904423225,0.0,0.4915781771240403,1.0,0.4139191530289319,0.0,0.4139191530289319
1,1.0,0.37562801367826437,0.0,0.29335150468624255,3.0,0.6156323959735599,3.0,0.60281039734326
1,0.0,0.4534477889323883,1.0,0.5196149631551944,0.0,0.5196149631551944,4.0,0.4230161750060545
1,0.0,0.47163652328405153,1.0,0.41385620804108186,0.0,0.41385620804108186,4.0,0.5009664385767986
1,1.0,0.09970474668583912,0.0,-0.2274927504651959,1.0,-0.009881209139385642,0.0,-0.009881209139385642
1,0.0,0.3815339235254377,1.0,0.5651175077331828,0.0,0.4923425582851884,1.0,0.0073908953125408966
1,0.0,0.2742027184280972,1.0,0.48818155331151314,0.0,0.42202415871138893,1.0,0.4264348119299043
1,1.0,0.3398524070966667,0.0,0.2381041027225305,3.0,0.647714849737349,3.0,0.5980302429827838
1,0.0,0.17232378714571941,1.0,0.2568303569111226,0.0,0.19544805085982975,1.0,0.20706528590609363
1,1.0,0.5198906276760455,0.0,0.5160211855103918,1.0,0.3674099051886646,0.0,0.3674099051886646
1,1.0,0.32420718314059843,0.0,0.2518342631956967,1.0,0.411575924005541,0.0,0.411575924005541
1,0.0,0.32571509790806236,1.0,0.5466708374933958,0.0,0.4398620150697976,1.0,0.35930731662920745
1,0.0,0.46510412870818046,1.0,0.4524473818464982,0.0,0.4524473818464982,4.0,0.4410812974728383
1,0.0,0.4718775274999994,1.0,0.08985273763179116,0.0,0.08985273763179116,4.0,0.5103646233682347
1,0.0,0.3256402539644448,2.0,0.6328894804354167,2.0,0.6328894804354167,2.0,0.5238755191658299
1,1.0,0.41287053374422883,0.0,0.38954144629053383,1.0,0.31246174422283857,0.0,0.31246174422283857
1,0.0,0.3865042434739162,2.0,0.3649074748461507,2.0,0.3649074748461507,2.0,0.14549811724479064
1,1.0,0.5132090019964974,0.0,0.49305141925583196,1.0,0.43827452086930563,0.0,0.43827452086930563
1,0.0,0.46638637853627823,1.0,-0.024761021192701422,0.0,-0.024761021192701422,4.0,0.4397490742180219
1,0.0,-0.03403513793424856,2.0,0.5180180967634985,2.0,0.3971099635648003,2.0,0.3971099635648003
1,1.0,0.1804199180737545,0.0,-0.013656283120790327,3.0,0.5667648257926604,3.0,0.4376024867923773
1,0.0,-0.1200473995003773,2.0,0.3662162901686372,2.0,0.22202723299367438,2.0,0.22202723299367438
1,1.0,0.4017710251280346,0.0,0.32604709503683604,3.0,0.2868790582375855,3.0,0.2868790582375855
1,1.0,0.03029909059871078,0.0,-0.19246758423427898,3.0,0.35178216909055626,3.0,0.17365475779510284
1,1.0,-0.08930681175727691,0.0,-0.10331490901959033,1.0,0.03561985353242774,0.0,0.013946127649228767
1,0.0,0.3427590319323606,1.0,0.5309519299539461,0.0,0.42645763698928363,1.0,0.12641121133679273
1,1.0,0.3025016733282204,0.0,0.16817017388434963,3.0,0.6606381265867214,3.0,0.5602616142410247
1,0.0,0.4488780404542745,1.0,-0.18575055376141772,0.0,-0.18575055376141772,4.0,0.3033203380732096
1,1.0,0.4833446723665381,0.0,0.4531335038694015,3.0,0.27198568033973575,3.0,0.27198568033973575
1,0.0,0.48003108106978626,1.0,0.32136757677302685,0.0,0.32136757677302685,4.0,0.6161081647172253
1,1.0,0.4824061582565715,0.0,0.4053793502797552,1.0,0.5446771151763701,0.0,0.5446771151763701
1,1.0,0.5000088615070465,0.0,0.4853825387640812,1.0,0.2406615166766776,0.0,0.2406615166766776
1,0.0,0.20560397203368308,1.0,0.4445964048342895,0.0,0.18358176697513465,1.0,0.38707677183949313
1,0.0,0.1933758491859241,1.0,0.42319732183046904,0.0,0.13530975936788864,1.0,0.3279447065715851
1,0.0,0.14562407722725723,1.0,0.3885610528491196,0.0,0.20669870701319296,1.0,0.44114935771556424
1,1.0,0.4931819680490247,0.0,0.46276858568117213,1.0,-0.05285276625861696,0.0,-0.05285276625861696
1,1.0,0.022099826797935738,0.0,-0.46978567473757366,1.0,-0.3223729091758565,0.0,-0.3223729091758565
1,1.0,0.49166155922258253,0.0,0.46963783320894226,1.0,-0.16093429056778408,0.0,-0.16093429056778408
1,0.0,0.44486019464284177,1.0,0.5157890849926219,0.0,0.5157890849926219,1.0,-0.2711149517114093
1,0.0,0.40154118403942485,1.0,0.0908848339526791,0.0,0.0908848339526791,4.0,0.2862091772827665
1,1.0,0.5161458009116711,0.0,0.5040711863346327,1.0,0.20188060879239603,0.0,0.20188060879239603
1,0.0,0.10879447217161184,1.0,0.3538856199470251,0.0,-0.06826199169358352,1.0,0.20911773482029877
1,0.0,0.3078284820510423,1.0,0.20238666797460983,0.0,0.20238666797460983,1.0,-0.023198918579360777
1,1.0,0.4093115558073223,0.0,0.3290667234799393,3.0,0.5212040515281487,3.0,0.5212040515281487
1,1.0,0.4363195923229453,0.0,0.28474233464536336,1.0,0.4552119895132834,0.0,0.4552119895132834
1,1.0,0.2886406095280515,0.0,0.08155025449877067,1.0,0.3095143613518044,0.0,0.3095143613518044
1,1.0,0.46834598173634523,0.0,0.399889976033041,1.0,0.4223226784585933,0.0,0.4223226784585933
1,0.0,0.17824782973026662,1.0,0.40796070525736094,0.0,0.2915733663851944,1.0,0.48552273258211814
1,1.0,0.30118294141223445,0.0,0.027973599876014613,1.0,0.2836042300136529,0.0,0.2836042300136529
1,1.0,0.48475711215875295,0.0,0.4594230906217469,1.0,-0.21849133616876074,0.0,-0.21849133616876074
1,1.0,0.28527068294096086,0.0,0.15935676396184617,3.0,0.6496922682956212,3.0,0.5613009538994734
1,1.0,0.5236812128494837,0.0,0.5225631165959581,1.0,0.29828794170686473,0.0,0.29828794170686473
1,1.0,0.2187047325818421,0.0,-0.18384815558392767,1.0,0.08558395235305076,0.0,0.08558395235305076
1,1.0,0.48946817822532546,0.0,0.486092518074951,1.0,0.12647941745056893,0.0,0.12647941745056893
1,1.0,0.3327388488925965,0.0,0.08713402677627076,1.0,0.3316919674777718,0.0,0.3316919674777718
1,0.0,0.09649121267403167,2.0,0.5205488346512152,2.0,0.4055501835508469,2.0,0.4055501835508469
1,0.0,0.46699446694271424,1.0,0.323814661386488,0.0,0.323814661386488,4.0,0.49823621350901526
1,0.0,0.44276505942644817,1.0,0.031605682578383025,0.0,0.031605682578383025,4.0,0.3627682535491678
1,1.0,0.3009746535036646,0.0,0.241514661832121,1.0,0.22092211123311165,0.0,0.14574011888302188
1,1.0,0.4991949467019368,0.0,0.4764197820667961,1.0,-0.14787067528012238,0.0,-0.14787067528012238
1,0.0,0.14468846742299868,1.0,0.36051509978454643,0.0,0.006767080343054451,1.0,0.19852309992467473
1,1.0,0.21004307515777648,0.0,-0.02681551744213804,1.0,0.20989897832228904,0.0,0.20989897832228904
1,1.0,0.5178228567134096,0.0,0.5144811119961166,1.0,0.21494455175180663,0.0,0.21494455175180663
1,0.0,0.11482143034965842,2.0,0.6211720720890868,2.0,0.5467992785105611,2.0,0.5467992785105611
1,1.0,0.39869934114514255,0.0,0.22737553379957764,1.0,0.3865692381862826,0.0,0.3865692381862826
1,1.0,0.46492538423792035,0.0,0.40712847575117306,1.0,0.5284261095175022,0.0,0.5284261095175022
1,1.0,0.2616670626553228,0.0,0.09879796957421053,3.0,0.6119651230781871,3.0,0.483767883695465
1,1.0,0.21083033553157682,0.0,0.01670095451149437,3.0,0.5685118068617878,3.0,0.4187982931981566
1,0.0,0.22091409794564604,1.0,0.4062565591587359,0.0,0.39687013166344,1.0,0.3910447874185296
1,1.0,0.2328663754947123,0.0,-0.2216720851118502,1.0,0.005409085223453627,0.0,0.005409085223453627
1,0.0,0.4116015694017897,1.0,0.5220023131922076,0.0,0.5215851366685323,4.0,0.26696523553557644
1,0.0,0.4613640830737588,1.0,-0.03728542515040486,0.0,-0.03728542515040486,4.0,0.4022105954780192
1,0.0,0.4712081825650544,1.0,0.3602603937588233,0.0,0.3602603937588233,4.0,0.5998463526896867
1,1.0,0.4532610448199119,0.0,0.42738514001916006,1.0,-0.2478978749096597,0.0,-0.2478978749096597
1,0.0,0.20855210497132604,1.0,0.4502208772322444,0.0,0.2823258565127548,1.0,0.4854420965332976
1,0.0,0.23168158436788042,1.0,-0.15984960545856663,0.0,-0.15984960545856663,1.0,-0.18420931628070852
1,1.0,0.25137301340102614,0.0,-0.19767164384633387,1.0,0.061345703287853215,0.0,0.061345703287853215
1,1.0,0.3875905502047332,0.0,0.30818536352216025,3.0,0.6115286499409693,3.0,0.6065939892120928
1,0.0,0.2862018598628976,2.0,0.6357337882239414,2.0,0.6185346825389751,2.0,0.5566427585982368
1,1.0,0.17046649425072974,0.0,-0.005409314596257127,1.0,-0.16441127829994515,0.0,-0.2882865946619817
1,0.0,-0.17322061558161383,1.0,0.04814309910264291,0.0,-0.43303991481640713,1.0,-0.2080012689707114
1,1.0,0.5226213634219982,0.0,0.5168881495289795,1.0,0.24981336341157126,0.0,0.24981336341157126
1,1.0,-0.05508816140760559,0.0,-0.5070662670039001,1.0,-0.38169024071927776,0.0,-0.38169024071927776
1,1.0,0.440542195338959,0.0,0.3929579174548936,3.0,0.4628298733609818,3.0,0.4628298733609818
1,1.0,0.3212648335233903,0.0,0.21960267235143371,1.0,-0.16563326731503686,0.0,-0.16563326731503686
1,1.0,0.5068552669539717,0.0,0.47394045870748347,1.0,0.3924625104328363,0.0,0.3924625104328363
1,1.0,0.08568088220219663,0.0,-0.16130091782671868,3.0,0.41384254436169726,3.0,0.19318686950381897
1,1.0,0.1838546831904337,0.0,0.014862346796207251,1.0,0.22292362414272138,0.0,0.22292362414272138
1,1.0,0.19995337317761938,0.0,-0.2937256245232148,1.0,-0.08401256735378076,0.0,-0.08401256735378076
1,1.0,0.13736052298163073,0.0,-0.08303348055587824,3.0,0.5128917685014512,3.0,0.35546196445631806
1,1.0,0.33217037273872985,0.0,0.33021369220765834,1.0,0.44134544293005873,0.0,0.37590549858985606
1,1.0,0.13888354143546622,0.0,0.05417165951916636,1.0,0.12903631061805268,0.0,-0.034669411553895586
1,0.0,0.04956257243425885,2.0,0.5912047924597741,2.0,0.4966470226597215,2.0,0.4966470226597215
1,0.0,0.371280714122294,1.0,0.5742276875793689,0.0,0.49722454769276453,4.0,-0.19238481698876553
1,1.0,0.5062066235355049,0.0,0.4746833003465799,1.0,0.47374826098768313,0.0,0.47374826098768313
1,0.0,0.47971469822872065,1.0,0.22723324186974372,0.0,0.22723324186974372,4.0,0.611632962148715
1,1.0,0.20321954454596663,0.0,0.013115286709654068,3.0,0.5868063785739052,3.0,0.455104634875345
1,0.0,-0.3086179121402211,1.0,-0.17263465348789345,0.0,-0.5380379486571695,1.0,-0.38307910958275065
1,1.0,0.5037794955516707,0.0,0.49290881499102546,1.0,0.27448437821769195,0.0,0.27448437821769195
1,0.0,0.14768633056999786,1.0,0.3742911595912324,0.0,0.01438708616674785,1.0,0.22879501084055057
1,1.0,0.49498468932061657,0.0,0.46310288585234977,1.0,-0.22308633431321961,0.0,-0.22308633431321961
1,1.0,0.4412560490119508,0.0,0.4188013867167112,1.0,0.28474973431849143,0.0,0.28474973431849143
1,0.0,0.08939928575033387,2.0,0.606459551094929,2.0,0.5129158652216198,2.0,0.5129158652216198
1,0.0,0.1944148094242131,1.0,0.44146960885786746,0.0,0.20958285022205836,1.0,0.4337540239838003
1,1.0,0.42129699350539557,0.0,0.2955600740087022,1.0,0.4795837868464916,0.0,0.4795837868464916
1,0.0,-0.10843246283371373,2.0,0.37521417130191875,2.0,0.23715503107866587,2.0,0.23715503107866587
1,1.0,0.3760083244787138,0.0,0.2822870129680808,3.0,0.6290608943722835,3.0,0.5984491569151856
1,1.0,0.32643764018966315,0.0,0.04133082831965975,1.0,0.24509045481145394,0.0,0.24509045481145394
1,0.0,0.45543083074786994,1.0,0.20538802706807802,0.0,0.20538802706807802,4.0,0.57854325961066
1,0.0,0.2432438585402093,1.0,0.4788178742212997,0.0,0.34274207446613153,1.0,0.48459708501058785
1,0.0,0.09299241165013139,1.0,0.32778745628322475,0.0,0.17375420634229377,1.0,0.41102237163343774
1,0.0,0.41401215044306217,1.0,0.5734076943477674,0.0,0.5432362986719592,4.0,0.13201061077597073
1,1.0,0.36084758230060143,0.0,0.2540039953520559,3.0,0.5785330757670117,3.0,0.5207890072807604
1,0.0,0.29830252165271104,1.0,0.47997034806615285,0.0,0.4700551230196769,1.0,0.32796932856899064
1,1.0,0.44389822254930444,0.0,0.41645485873464616,1.0,0.23430074356201738,0.0,0.23430074356201738
1,1.0,0.344148396572942,0.0,0.2563653332850764,1.0,-0.11910162748732031,0.0,-0.11910162748732031
1,1.0,0.23286634938781123,0.0,0.059433961968623744,3.0,0.613714029155592,3.0,0.4921954026767097
1,1.0,0.1925613895529842,0.0,-0.2997618111263609,1.0,-0.10086868624585889,0.0,-0.10086868624585889
1,1.0,0.05931182949271435,0.0,-0.19334246736773442,3.0,0.36566687484487903,3.0,0.1195627221264209
1,1.0,0.5198916538010538,0.0,0.5134050160455108,1.0,0.18756967905962355,0.0,0.18756967905962355
1,1.0,0.4895693021776196,0.0,0.4628181979581795,1.0,0.07956419807489042,0.0,0.07956419807489042
1,0.0,0.4533176307057542,1.0,0.0009342517457451668,0.0,0.0009342517457451668,4.0,0.46440739678937293
1,1.0,0.4641953724309768,0.0,0.3547087492848598,1.0,0.4983780829931642,0.0,0.4983780829931642
1,1.0,0.10367299277999782,0.0,-0.3762493785933963,1.0,-0.18698038130749317,0.0,-0.18698038130749317
1,1.0,0.49301631926003975,0.0,0.488173561633147,1.0,0.11270802177477933,0.0,0.11270802177477933
1,1.0,0.014855028280531596,0.0,-0.22075578536429097,3.0,0.33311304856343454,3.0,0.12560482774778026
1,1.0,0.4947170618529469,0.0,0.43855962448856994,1.0,0.4479338359338236,0.0,0.4479338359338236
1,0.0,0.3793022276385842,1.0,0.30866678751812954,0.0,0.30866678751812954,1.0,-0.13864528981068652
1,1.0,0.04431570474542709,0.0,-0.07029534297267802,1.0,0.11049773510623004,0.0,0.11049773510623004
1,1.0,0.21838673087710925,0.0,0.08574322931569084,3.0,0.5468688513857222,3.0,0.451054490660208
1,0.0,-0.07630405123917425,1.0,0.16656996901153395,0.0,-0.15362379459579917,1.0,0.16967572539098386
1,0.0,0.34502399778069914,2.0,0.26808920888416,2.0,0.26808920888416,2.0,0.10664794745849462
1,1.0,0.06420004139851432,0.0,-0.13341616408563167,1.0,0.06814041340623225,0.0,0.06814041340623225
1,0.0,0.2998162213559147,2.0,0.6077462916353381,2.0,0.6031882039925315,2.0,0.518711664496512
1,1.0,0.48832852482142747,0.0,0.45161771327461403,1.0,0.3577268012384907,0.0,0.3577268012384907
1,0.0,0.36117610053217386,2.0,0.34622703061596355,2.0,0.34622703061596355,2.0,0.1677084994426496
1,0.0,0.2852668553076032,1.0,0.43469696545667147,0.0,0.4220002639599793,1.0,0.25883099826549294
1,1.0,0.07877735736335105,0.0,-0.09800924812018805,1.0,-0.09928944044519787,0.0,-0.3035428488705986
1,0.0,0.21769378527210553,2.0,0.6882601999506314,2.0,0.6324261887300259,2.0,0.6324261887300259
1,1.0,0.0070433756841761655,0.0,-0.24730573211137738,3.0,0.2881370928872751,3.0,0.012707061571005675
1,1.0,0.17727904502591696,0.0,-0.010000126662869457,3.0,0.5588834473208492,3.0,0.43591116016353776
1,1.0,0.09236887859358353,0.0,-0.15842997263280084,3.0,0.3613696751126382,3.0,0.09832953543216441
1,1.0,0.16396293562847677,0.0,-0.18552668915015835,1.0,0.06258889023971766,0.0,0.06258889023971766
1,0.0,0.266502853603557,1.0,0.4613388013441212,0.0,0.4331916806159919,1.0,0.3875998641902531
1,1.0,0.47578388190661974,0.0,0.43345085598219685,3.0,0.36723121276778625,3.0,0.36723121276778625
1,1.0,0.3691503424394453,0.0,0.2863896518670278,1.0,0.44954476017947786,0.0,0.44954476017947786
1,0.0,0.4793779194671992,1.0,0.21968685085454873,0.0,0.21968685085454873,4.0,0.6039910664166115
1,0.0,0.46608746810934487,1.0,0.4898898067455974,0.0,0.4898898067455974,4.0,0.490580360663927
1,0.0,0.09713296858839156,1.0,0.35220395238889873,0.0,0.043463542136873236,1.0,0.337607369210694
1,0.0,0.4176855308226207,1.0,-0.00426818402476365,0.0,-0.00426818402476365,4.0,0.26965482837696847
1,1.0,0.03866232646878522,0.0,-0.1385364299017281,1.0,-0.1343770638184469,0.0,-0.325628731619724
1,1.0,0.47122881508369335,0.0,0.4288803563516686,3.0,0.15874774863259952,3.0,0.15874774863259952
1,0.0,-0.3435959428407461,1.0,-0.22927893007886135,0.0,-0.5394920289854201,1.0,-0.3950091887621344
1,0.0,0.35908041418245984,2.0,0.5879248791666151,2.0,0.5879248791666151,2.0,0.44094045722471004
1,1.0,0.5217996157115822,0.0,0.5155052322851618,1.0,0.366835228412788,0.0,0.366835228412788
1,0.0,-0.13782953907995346,2.0,0.3961518292519219,2.0,0.22210243855112954,2.0,0.22210243855112954
1,0.0,-0.11759841906958697,2.0,0.4179947252223688,2.0,0.2470179258140091,2.0,0.2470179258140091
1,1.0,0.37446088678186357,0.0,0.2751492980648859,3.0,0.5607667309745261,3.0,0.520008710824741
1,0.0,0.004551458983676827,2.0,0.5516878802065348,2.0,0.4451068513925618,2.0,0.4451068513925618
1,0.0,0.2570140043487192,2.0,0.5569014631783683,2.0,0.5275320080553327,2.0,0.4821823012951823
1,0.0,0.25688998322992795,1.0,0.48640044522074505,0.0,0.28954770969519306,1.0,0.4170505869706053
1,1.0,0.5194465187339427,0.0,0.5071327380117198,1.0,0.3404144069130968,0.0,0.3404144069130968
1,0.0,0.46740636521983353,1.0,0.111408110444669,0.0,0.111408110444669,4.0,0.5495893839697084
1,0.0,0.28870751399339295,2.0,0.65674588035489,2.0,0.6397566519101598,2.0,0.5789889832292859
1,0.0,0.12611067268586265,1.0,0.34047130564491024,0.0,-0.03976694990125361,1.0,0.1581574311038962
1,0.0,0.3439918672454732,1.0,0.5569647598562283,0.0,0.4823781078853531,1.0,0.32767801990959633
1,0.0,0.47575218737556174,1.0,0.39206566360638645,0.0,0.39206566360638645,4.0,0.5383485511303743
1,0.0,0.26714835429369205,1.0,0.5005554654438537,0.0,0.32756343070223537,1.0,0.43756647992842446
1,1.0,0.13248547568498134,0.0,-0.09920483479768291,3.0,0.4888968877990189,3.0,0.30635518977735954
1,0.0,-0.07250769180785374,1.0,0.1481275576523766,0.0,-0.022400803104958213,1.0,0.256172358391973
1,1.0,0.4690952956487523,0.0,0.4212794844939571,3.0,0.3410227678949471,3.0,0.3410227678949471
1,1.0,0.4189230273616228,0.0,0.374878675607113,1.0,0.11651142798858094,0.0,0.11651142798858094
1,1.0,0.4370257516292105,0.0,0.2788383909535127,1.0,0.46580949436789465,0.0,0.46580949436789465
1,1.0,0.49057418350374943,0.0,0.41940179269483496,1.0,0.48831550767738474,0.0,0.48831550767738474
1,0.0,0.05270235871306002,2.0,0.41648790039265715,2.0,0.2730106999205332,2.0,0.2730106999205332
1,1.0,0.4233780610312454,0.0,0.35390713029077897,3.0,0.5587878575822914,3.0,0.5587878575822914
1,1.0,0.11290051546995584,0.0,-0.2544133291724211,1.0,-0.03490942329305435,0.0,-0.03490942329305435
1,0.0,0.1458717990478627,2.0,0.6561960590493802,2.0,0.5866709542978661,2.0,0.5866709542978661
1,1.0,0.49067475810139577,0.0,0.444416844938921,1.0,0.40067822213794635,0.0,0.40067822213794635
1,0.0,-0.19881857416906426,1.0,-0.021326656832722606,0.0,-0.22952593380816208,1.0,0.044310142633966716
1,0.0,0.4119492661551424,1.0,0.5109678080028306,0.0,0.5109678080028306,4.0,0.2894814490698757
1,1.0,-0.13690119924340144,0.0,-0.26135237566143954,1.0,-0.12999535306075755,0.0,-0.12999535306075755
1,1.0,0.05931573819661069,0.0,-0.4579521744982614,1.0,-0.3023707856079902,0.0,-0.3023707856079902
1,0.0,-0.10685798683513029,1.0,0.1403392110813363,0.0,-0.3303684269559264,1.0,-0.048228575722793834
1,0.0,-0.19518587434576082,1.0,-0.0013842035002770774,0.0,-0.3016547871711866,1.0,-0.0344094069583642
1,1.0,0.3148734039019682,0.0,0.18305253673750035,3.0,0.6318317121983276,3.0,0.5285293852854608
1,1.0,0.028390739559786025,0.0,-0.18649917535044486,3.0,0.33982520287325935,3.0,0.17200250593779282
1,1.0,-0.03216439007652986,0.0,-0.28961270540874007,3.0,0.18237455431233088,3.0,-0.13683958563610535
1,1.0,0.4916689851672259,0.0,0.49001913332691,1.0,0.1562188761367005,0.0,0.1562188761367005
1,1.0,0.38988346392314516,0.0,0.32903977766284775,3.0,0.5204742028218949,3.0,0.5204742028218949
1,0.0,-0.25704684250160625,1.0,-0.10886677328001809,0.0,-0.32295775214919203,1.0,-0.09146277170753549
1,1.0,0.23570361753765104,0.0,-0.2291814080752482,1.0,0.021777670162759524,0.0,0.021777670162759524
1,1.0,0.45445104723308993,0.0,0.40217370802188757,3.0,0.4714336185973882,3.0,0.4714336185973882
1,1.0,0.4355596811981025,0.0,0.37118943886636796,3.0,0.37207928670761714,3.0,0.37207928670761714
1,0.0,0.37052172361709784,2.0,0.5684389982282424,2.0,0.5684389982282424,2.0,0.4043094002983255
1,0.0,0.4501016175074126,1.0,0.542281763834628,0.0,0.542281763834628,4.0,0.3270153319503265
1,0.0,0.15470574171727186,2.0,0.6200692300843604,2.0,0.5545401502036571,2.0,0.5545401502036571
1,1.0,0.483183616334266,0.0,0.4152353232736891,1.0,0.5372933778418854,0.0,0.5372933778418854
1,1.0,0.36657427353175953,0.0,0.2709976468607638,3.0,0.6412662805539284,3.0,0.6058736232983073
1,0.0,0.3562297323856781,2.0,0.5892197192568513,2.0,0.5892197192568513,2.0,0.4441473908412766
1,0.0,-0.050753179865408775,2.0,0.4959083909661523,2.0,0.35780830229599364,2.0,0.35780830229599364
1,1.0,0.5035623714910519,0.0,0.4773711179813123,1.0,-0.06096475726058463,0.0,-0.06096475726058463
1,0.0,0.3082118491116322,1.0,0.5325747008061049,0.0,0.4301994427075702,1.0,0.40723704180099646
1,0.0,0.10861346959884721,1.0,0.3629070547951904,0.0,0.0677326777157047,1.0,0.35352810358370157
1,0.0,0.10751833454057623,1.0,0.252823488647217,0.0,0.2252479081209923,1.0,0.3488174264867505
1,0.0,0.33382161092612794,1.0,0.5366567878285705,0.0,0.4894217538830987,1.0,0.3351486873445322
1,1.0,0.1867531296920694,0.0,0.0019947335785886417,3.0,0.5715684716155254,3.0,0.4500899542748847
1,1.0,0.38756064946730634,0.0,0.3052180883262723,3.0,0.6185852612560876,3.0,0.6087176107462935
1,0.0,0.41836811859882445,2.0,0.23438762700724866,2.0,0.23438762700724866,2.0,-0.09509499751412231
1,1.0,0.06037588011921844,0.0,-0.19492057189217118,3.0,0.3397416017423482,3.0,0.07149699240471283
1,0.0,0.19803325902543922,1.0,0.4431103700656676,0.0,0.19196530114797503,1.0,0.4114579172743324
1,1.0,0.2534176756953414,0.0,0.23812853648571256,1.0,0.37029721199528653,0.0,0.3204944291389834
1,0.0,0.2679579362389247,1.0,0.4877256775844217,0.0,0.3006132831708266,1.0,0.36742825069505564
1,0.0,0.30931911281186775,1.0,0.5296899455163101,0.0,0.39288845580577053,1.0,0.3516669060429522
1,1.0,0.3812302204079596,0.0,0.2929720792544056,3.0,0.34627744370133384,3.0,0.34627744370133384
1,1.0,0.44225586988641746,0.0,0.3803149884071227,3.0,0.4868455621896934,3.0,0.4868455621896934
1,1.0,0.16510124521369382,0.0,-0.050212490711520355,3.0,0.5375844277198977,3.0,0.3804480027143818
1,0.0,-0.10519128173708288,2.0,0.43635127658207756,2.0,0.28576060966472694,2.0,0.28576060966472694
1,1.0,0.36950481132479934,0.0,0.34735487535567794,1.0,0.4710412111661083,0.0,0.43583670791446594
1,1.0,0.44887663627569413,0.0,0.40950261108181907,3.0,0.3922172781995732,3.0,0.3922172781995732
1,0.0,0.23898282430910356,2.0,0.6279693902412491,2.0,0.5949513594300225,2.0,0.5492984044997734
1,0.0,-0.3109999358077104,1.0,-0.17509835649935068,0.0,-0.5780210669017558,1.0,-0.438794904784254
1,1.0,0.18743486766934303,0.0,0.13185208868800719,1.0,0.22049660782635927,0.0,0.08785588311997039
1,1.0,0.5173397767421798,0.0,0.4998125209476324,1.0,0.42108020945177893,0.0,0.42108020945177893
1,1.0,0.3373938589988369,0.0,0.21803796027526975,3.0,0.6170621022798246,3.0,0.5357984055612822
1,0.0,-0.20296266807383342,1.0,-0.005832945505508384,0.0,-0.37329700455524073,1.0,-0.12924465022615864
1,1.0,0.4620442614855548,0.0,0.46086688021317757,1.0,0.42663033878199164,0.0,0.42663033878199164
1,1.0,0.3836704836173354,0.0,0.3211397159535762,1.0,0.4704619375934146,0.0,0.4704619375934146
1,0.0,-0.07016339142069664,2.0,0.4633722682046131,2.0,0.33378690903265973,2.0,0.33378690903265973
1,1.0,0.40647049439952276,0.0,0.3447063443298232,1.0,0.4911292114260337,0.0,0.4911292114260337
1,1.0,0.4735526254086958,0.0,0.443343130224718,1.0,0.1022287853744341,0.0,0.1022287853744341
1,0.0,0.28590717943619465,1.0,0.47069567076874486,0.0,0.45738523304224654,1.0,0.34793017084677674
1,1.0,0.02924578097932618,0.0,-0.1935608441131903,3.0,0.35008445655819026,3.0,0.17153552389111398
1,1.0,0.33034851545799315,0.0,0.21310423074125562,3.0,0.6592863743443931,3.0,0.5861793876727703
1,1.0,0.3712300335380943,0.0,0.3117959939868725,1.0,0.09471082514706773,0.0,0.09471082514706773
1,1.0,0.3986606814134494,0.0,0.3570424958083986,3.0,0.38215510150055776,3.0,0.38215510150055776
1,0.0,0.4701523082744749,1.0,0.43842837055494116,0.0,0.43842837055494116,4.0,0.5581738206496288
1,1.0,0.38327754403076314,0.0,0.28886173431036116,3.0,0.5402305921301586,3.0,0.5116693884765876
1,0.0,0.22166683671019152,1.0,0.43406351308645297,0.0,0.19305960528510538,1.0,0.3327503674406569
1,1.0,0.3108102024027193,0.0,-0.05647557174538725,1.0,0.20683528344429727,0.0,0.20683528344429727
1,1.0,0.13948431000882489,0.0,-0.21450112294621182,1.0,0.021709796517908796,0.0,0.021709796517908796
1,1.0,0.38580418847124676,0.0,0.36027883336157485,1.0,0.4782036468001238,0.0,0.4549628155703478
1,0.0,0.22506260576546436,1.0,0.4678487913876212,0.0,0.2715285653946957,1.0,0.46899497478455693
1,1.0,0.23906591379103415,0.0,0.13599571354399198,1.0,0.08161809262500104,0.0,-0.0565752615890058
1,0.0,0.16602957958556108,1.0,0.4053173721618189,0.0,0.07760643862875413,1.0,0.3079836149416572
1,1.0,0.4639521189746125,0.0,0.45107112967432145,1.0,0.3335202376091275,0.0,0.3335202376091275
1,1.0,0.47176253681100727,0.0,0.3676893902558508,1.0,0.5126775369033328,0.0,0.5126775369033328
1,0.0,0.3962818413467753,2.0,0.42906829867676877,2.0,0.42906829867676877,2.0,0.146560429560984
1,1.0,0.522947762815856,0.0,0.5145373625791947,1.0,0.35735829295331145,0.0,0.35735829295331145
1,1.0,0.5044416197850369,0.0,0.4797804650793197,1.0,-0.009362005058994517,0.0,-0.009362005058994517
1,0.0,0.45077004046969105,1.0,0.2942394575773508,0.0,0.2942394575773508,4.0,0.42449982267629094
1,1.0,0.4839315229584923,0.0,0.39751540517521244,1.0,0.5187911271219726,0.0,0.5187911271219726
1,1.0,0.4675095288011344,0.0,0.357536566851936,1.0,0.5062175720937232,0.0,0.5062175720937232
1,1.0,0.4487925301902438,0.0,0.3159753981677795,1.0,0.47519956339493213,0.0,0.47519956339493213
1,0.0,0.3536878872082633,2.0,0.5999605889839735,2.0,0.5999605889839735,2.0,0.47116003363061676
1,0.0,0.47882602211650016,1.0,0.22884104839818623,0.0,0.22884104839818623,4.0,0.5991045873703925
1,1.0,0.22337717334129722,0.0,-0.2244474564791659,1.0,0.03772530546355719,0.0,0.03772530546355719
1,1.0,0.4129849096636271,0.0,0.23520287229841294,1.0,0.41292708598838496,0.0,0.41292708598838496
1,1.0,0.011029602746526397,0.0,-0.23075993475081633,3.0,0.3247641575123101,3.0,0.10030716509760446
1,1.0,0.43991128113190353,0.0,0.419724952527432,1.0,0.47267264517783736,0.0,0.47267264517783736
1,0.0,0.46425300895705096,1.0,0.36908095169248345,0.0,0.36908095169248345,4.0,0.582217420517071
1,0.0,0.036408266006437325,1.0,0.2927917823892091,0.0,-0.05281945062918754,1.0,0.27096637776982085
1,0.0,0.2174003323021667,1.0,0.4143661802766141,0.0,0.18245382954852105,1.0,0.2941123202844039
1,1.0,0.4829515962676688,0.0,0.4748115830696437,1.0,0.040245961968594826,0.0,0.040245961968594826
1,0.0,0.2067688914188442,1.0,0.38040290399461474,0.0,0.1659148434640433,1.0,0.2129519789791862
1,1.0,0.47522085649349305,0.0,0.44726905256637206,1.0,-0.26357808855148435,0.0,-0.26357808855148435
1,0.0,0.41341353400750736,1.0,0.584884171945757,0.0,0.5613179505347023,4.0,0.011059137854617021
1,0.0,0.4250354530465426,1.0,0.5126702296954353,0.0,0.5126702296954353,4.0,0.3393152986318744
1,0.0,0.24621467869603655,1.0,0.045672009304013904,0.0,0.045672009304013904,1.0,-0.007759601344803405
1,0.0,0.26930949360322054,2.0,0.38936157841229696,2.0,0.38936157841229696,2.0,0.30202281125441083
1,1.0,0.3719989425301635,0.0,0.2810188662077869,3.0,0.635846557491889,3.0,0.6085172720804554
1,1.0,-0.011563475328005609,0.0,-0.24337174928521607,3.0,0.2874828693714428,3.0,0.07409755221096272
1,1.0,0.4510144689061761,0.0,0.3628414888583752,1.0,0.43942177753208767,0.0,0.43942177753208767
1,1.0,0.37674781094420434,0.0,0.1707087578661121,1.0,0.3964811377959218,0.0,0.3964811377959218
1,1.0,0.5122358718756127,0.0,0.5011009233814013,1.0,0.24244969625016022,0.0,0.24244969625016022
1,0.0,0.0899866287901251,2.0,0.4795001798502094,2.0,0.35528381959763355,2.0,0.35528381959763355
1,1.0,0.48079544387907,0.0,0.4541635639531865,1.0,0.29767083417025714,0.0,0.29767083417025714
1,0.0,-0.2500042623423212,1.0,-0.08933670593397665,0.0,-0.37061579372272163,1.0,-0.14470911667720746
1,1.0,-0.10061009522991811,0.0,-0.11293266112002612,1.0,0.013109693788893192,0.0,-0.04123528196253577
1,1.0,0.18791957779306803,0.0,0.17916134099375222,1.0,0.3030146216544476,0.0,0.22110966478412494
1,1.0,0.2782020349135229,0.0,0.12356322183126833,3.0,0.6031599015366358,3.0,0.47065637971608887
1,1.0,-0.050824504429064866,0.0,-0.25131780318928015,1.0,-0.2657459755424879,0.0,-0.44441652511452456
1,1.0,0.5122459180003848,0.0,0.49533778975086695,1.0,0.0015740762039739779,0.0,0.0015740762039739779
1,0.0,0.20853483342226034,1.0,0.35119377268141283,0.0,0.329248279732563,1.0,0.3040657209391515
1,0.0,0.465956574960482,1.0,-0.008092195919443254,0.0,-0.008092195919443254,4.0,0.4405115008988122
1,0.0,0.09528154208145179,1.0,0.3325206463381408,0.0,-0.11493846057689443,1.0,0.1445570043291653
1,0.0,0.07785496460439263,1.0,0.32374387048669356,0.0,-0.1434983298769523,1.0,0.13933991599849815
1,0.0,0.18825540118390888,1.0,0.3334173726001773,0.0,0.31145011629823416,1.0,0.31991624786627804
1,1.0,0.4208879048575979,0.0,0.293631472263832,1.0,0.4246940487005671,0.0,0.4246940487005671
1,1.0,0.0012422498726639213,0.0,-0.2576049838604499,3.0,0.23555467257178964,3.0,-0.07789467964645554
1,1.0,0.42093449275029576,0.0,0.24408826052897842,1.0,0.44743828336287744,0.0,0.44743828336287744
1,1.0,0.4319372718317326,0.0,0.3680432895652435,3.0,0.312623690706179,3.0,0.312623690706179
1,1.0,0.3891982384923362,0.0,0.37239180143303063,1.0,0.36628646686116845,0.0,0.36594231308277125
1,1.0,0.4938632387955612,0.0,0.4438111403827224,1.0,0.42317419206385165,0.0,0.42317419206385165
1,1.0,0.21883656103360558,0.0,-0.20081357286022913,1.0,0.0667785292329513,0.0,0.0667785292329513
1,0.0,0.3887807536092707,1.0,0.5477878920441108,0.0,0.49530843076999664,1.0,-0.10765105129323384
1,1.0,0.4280432947098155,0.0,0.25699925243878763,1.0,0.4466530199801933,0.0,0.4466530199801933
1,0.0,0.1711234700442101,1.0,0.3712099695603664,0.0,0.3348873595422507,1.0,0.4388203567973878
1,0.0,0.4461210409396687,1.0,0.06056694894642497,0.0,0.06056694894642497,4.0,0.4856902985114382
1,1.0,0.369897599628044,0.0,0.19722314847199263,1.0,0.40914107356275764,0.0,0.40914107356275764
1,1.0,0.5193459222229091,0.0,0.49725677860756595,1.0,0.3992730846603637,0.0,0.3992730846603637
1,0.0,0.43059630927038195,1.0,0.5301946667153492,0.0,0.5301946667153492,1.0,-0.15959035514694556
1,1.0,0.5107367321627799,0.0,0.5037818609807874,1.0,0.13225389095154105,0.0,0.13225389095154105
1,0.0,0.31742805123007445,1.0,0.5396759610182306,0.0,0.41880840315622,1.0,0.3639592367961643
1,1.0,0.23705737336670282,0.0,-0.21718545303677997,1.0,0.015838232053222497,0.0,0.015838232053222497
1,1.0,0.182679664938692,0.0,-0.3265968189631386,1.0,-0.12080918535943928,0.0,-0.12080918535943928
1,0.0,0.06733995409263833,1.0,0.324084090429815,0.0,-0.020329850518332644,1.0,0.29446426653029706
1,1.0,0.3357499014087399,0.0,0.21343521326629752,1.0,0.40054901499014217,0.0,0.40054901499014217
1,0.0,0.39118736722973674,1.0,0.2632032891262631,0.0,0.2632032891262631,1.0,-0.2094329389809357
1,1.0,0.24463206405640928,0.0,0.0880123813580273,3.0,0.6294375560376737,3.0,0.5244144869535083
1,0.0,0.46605005716986764,1.0,0.4751952764218822,0.0,0.4751952764218822,4.0,0.5159424056600503
1,1.0,0.21845386417707258,0.0,-0.26318167149499005,1.0,-0.02898018528440968,0.0,-0.02898018528440968
1,1.0,0.34360079975160795,0.0,0.2830524644806769,3.0,0.46024903209945084,3.0,0.46024903209945084
1,1.0,0.5155550182039156,0.0,0.5023003806726288,1.0,0.18275699583756952,0.0,0.18275699583756952
1,1.0,0.18300854799858904,0.0,-0.30813767902391154,1.0,-0.119777437338662,0.0,-0.119777437338662
1,1.0,-0.015344587580057824,0.0,-0.4736611957308226,1.0,-0.33340334538680433,0.0,-0.33340334538680433
1,1.0,0.5099307850208961,0.0,0.49316061718415866,1.0,0.32481939804664095,0.0,0.32481939804664095
1,0.0,0.42725019430502587,1.0,0.5512391179844118,0.0,0.5512391179844118,4.0,0.26384276223126746
1,1.0,0.47823414449861795,0.0,0.4586150455164495,1.0,-0.1479911443914484,0.0,-0.1479911443914484
1,0.0,0.3325627021309891,1.0,0.46534711306830523,0.0,0.46534711306830523,1.0,0.17858453104990463
1,1.0,0.41274597384362666,0.0,0.2861331881269661,1.0,0.47164299999528103,0.0,0.47164299999528103
1,0.0,-0.26604428608929476,1.0,-0.10581593342029333,0.0,-0.47608112310362344,1.0,-0.2873862200244116
1,0.0,0.47317032742893145,1.0,0.09862924571044249,0.0,0.09862924571044249,4.0,0.5223505713249619
1,1.0,0.4358659655278712,0.0,0.29052776442603145,1.0,0.4801496513678253,0.0,0.4801496513678253
1,1.0,0.4907056609412079,0.0,0.4688070925801214,1.0,0.2980279325944202,0.0,0.2980279325944202
1,1.0,0.41874197366874744,0.0,0.38481539283750577,1.0,0.22273203741213177,0.0,0.22273203741213177
1,0.0,0.17419512660500275,1.0,0.3971663392106307,0.0,0.08240227896118976,1.0,0.27219191876681575
1,0.0,0.17230290917755986,1.0,0.2683997026867917,0.0,0.21436748436596104,1.0,0.2293790109354021
1,1.0,0.5124978205768524,0.0,0.5009936069873394,1.0,0.07290644078884696,0.0,0.07290644078884696
1,1.0,0.4099241244617071,0.0,0.34747786093061395,3.0,0.54853143759547,3.0,0.54853143759547
1,1.0,0.4508192811031019,0.0,0.4164639311548619,1.0,0.13299897689129256,0.0,0.13299897689129256
1,0.0,-0.14511052141596706,2.0,0.37925934359178276,2.0,0.20859884872930645,2.0,0.20859884872930645
1,1.0,0.4743021253077378,0.0,0.44033045583521774,3.0,0.3264866915510834,3.0,0.3264866915510834
1,0.0,0.3965970600074114,1.0,0.5825042006737308,0.0,0.5221719341106952,4.0,0.0033959222741584355
1,1.0,0.28235069015231357,0.0,-0.05620308898592864,1.0,0.22019873976167445,0.0,0.22019873976167445
1,1.0,0.3265228536293188,0.0,0.0007869280710263184,1.0,0.2692273981803944,0.0,0.2692273981803944
1,0.0,0.20487056707060614,2.0,0.6867851611510991,2.0,0.627289695867537,2.0,0.627289695867537
1,0.0,0.31461931807031923,1.0,0.4825741767326255,0.0,0.4803110052293797,1.0,0.27206855683232206
1,0.0,0.4728295504052021,1.0,0.18856186150937643,0.0,0.18856186150937643,4.0,0.5972407863218061
1,1.0,0.23372771415275131,0.0,0.05741938872445938,3.0,0.6064177773731193,3.0,0.4782367324472793
1,0.0,-0.05397229764728414,1.0,0.19674706534797365,0.0,-0.15664863218268765,1.0,0.17343131458895278
1,1.0,0.3647166561206492,0.0,0.2734295886024654,3.0,0.2713754094507547,3.0,0.2672931675485359
1,1.0,0.5009518852537955,0.0,0.45377613385026316,1.0,0.4332423322110442,0.0,0.4332423322110442
1,1.0,0.46802773429270894,0.0,0.3557996892406738,1.0,0.510455383358468,0.0,0.510455383358468
1,0.0,-0.23261743391916087,1.0,-0.07157284750058591,0.0,-0.28794960001699205,1.0,-0.03818457038582037
1,0.0,0.21100055860056618,2.0,0.688952392670617,2.0,0.6300308553024959,2.0,0.6300308553024959
1,0.0,0.3636601917794196,2.0,0.4808951181566944,2.0,0.4808951181566944,2.0,0.3203071286853799
1,1.0,0.4362088887305249,0.0,0.38402420143344934,3.0,0.49526729822833937,3.0,0.49526729822833937
1,1.0,0.31213020482358395,0.0,0.20938583481764603,3.0,0.6216046965799418,3.0,0.5630534271007713
1,0.0,-0.12889196152060559,1.0,0.09680371481643932,0.0,-0.20923103887950578,1.0,0.09957967244620018
1,1.0,0.38389947639126387,0.0,0.14305979891672255,1.0,0.3678549123986131,0.0,0.3678549123986131
1,1.0,0.39342280731456614,0.0,0.3074829922118902,3.0,0.6044356496014608,3.0,0.5911862159806685
1,1.0,0.3135348898863995,0.0,0.23966607838280016,1.0,0.11571618337818282,0.0,0.09019531464491123
1,1.0,0.4529482076417224,0.0,0.33229564611224616,1.0,0.5064402734939383,0.0,0.5064402734939383
1,1.0,0.351473916793656,0.0,0.05908837481804173,1.0,0.31082089754500464,0.0,0.31082089754500464
1,0.0,0.20718695887054514,2.0,0.6739193258165626,2.0,0.6088428174198091,2.0,0.6088428174198091
1,1.0,0.4780194159459316,0.0,0.43324449729391334,1.0,0.3653413166297123,0.0,0.3653413166297123
1,0.0,0.3017534162843968,1.0,-0.02013527586814163,0.0,-0.02013527586814163,1.0,-0.12031350255989351
1,1.0,0.47061281820631734,0.0,0.469163692831954,1.0,0.11706648525749495,0.0,0.11706648525749495
1,1.0,0.24362395424028913,0.0,0.1738062310900039,1.0,0.2296517002229752,0.0,0.07521702988470619
1,0.0,-0.2913773936587138,1.0,-0.14356196898821838,0.0,-0.5838190211235565,1.0,-0.4437621855394185
1,1.0,0.2893308268695565,0.0,0.1739784664909269,3.0,0.6319358220665531,3.0,0.5515152831725617
1,0.0,0.44505093906028065,1.0,0.38566080693301324,0.0,0.38566080693301324,4.0,0.35189636286053594
1,0.0,0.43688578491033964,2.0,0.29160504751024596,2.0,0.29160504751024596,2.0,-0.10817715549929566
1,0.0,0.4363711270542728,1.0,0.5363325102903029,0.0,0.5363325102903029,4.0,0.3365812556176758
1,1.0,0.3324469128007523,0.0,0.1400747382372771,1.0,0.3620457284533929,0.0,0.3620457284533929
1,0.0,0.21174196013096677,2.0,0.6717523941384451,2.0,0.6158043128994145,2.0,0.6127103748312325
1,1.0,0.36897337494913723,0.0,0.3204029614522511,1.0,0.19340727387814163,0.0,0.19340727387814163
1,1.0,0.4638147339460459,0.0,0.3549640212832634,1.0,0.5196435487325836,0.0,0.5196435487325836
1,1.0,0.07015212844380041,0.0,0.017063993306512683,1.0,0.1266291677981345,0.0,0.009885642881590205
1,0.0,0.4088202941985994,2.0,0.3813094694449013,2.0,0.3813094694449013,2.0,0.11302340180901464
1,1.0,0.1547519659038506,0.0,0.13521039245613714,1.0,0.25549546375128473,0.0,0.16473634437932058
1,0.0,0.21110326408297683,1.0,0.4188105801417526,0.0,0.36634010754711016,1.0,0.44366555568741584
1,0.0,0.3595320404980732,2.0,0.575158280568504,2.0,0.575158280568504,2.0,0.43693637645647887
1,1.0,0.11436241947856567,0.0,-0.06621618064685668,1.0,-0.08245228021826981,0.0,-0.3015759208832998
1,0.0,0.2891653601415976,2.0,0.6607207308138543,2.0,0.648916355239741,2.0,0.5763126642685307
1,0.0,0.4206803913772755,2.0,0.18094588304462664,2.0,0.18094588304462664,2.0,-0.15384429261990998
1,1.0,0.21096402243324144,0.0,0.04127058303793187,3.0,0.5956288127010403,3.0,0.48381566358160594
1,1.0,0.4234850774078779,0.0,0.24505840911067472,1.0,0.4402036120894704,0.0,0.4402036120894704
1,0.0,0.39274033652921053,1.0,0.5698605632384107,0.0,0.5091270116478546,1.0,-0.05198307634379016
1,0.0,0.30489756895126463,1.0,0.5037646483489875,0.0,0.4663782347584199,1.0,0.3644334395119395
1,1.0,0.2235692071880352,0.0,0.17750628735583918,1.0,0.32838033348604634,0.0,0.32404762617835875
1,0.0,0.3007133102944152,2.0,0.6394915400374918,2.0,0.6392351812958067,2.0,0.5426060591369263
1,1.0,0.3158838298811033,0.0,-0.013834637045765576,1.0,0.2587217040821196,0.0,0.2587217040821196
1,1.0,0.16719711379046345,0.0,-0.055623043007933366,3.0,0.49194884746022904,3.0,0.30015874297372785
1,0.0,0.27680536761872354,1.0,0.4984075534767805,0.0,0.32233047406125287,1.0,0.3725862396820529
1,0.0,0.474852005932542,1.0,0.4403645244083164,0.0,0.4403645244083164,4.0,0.5342878341351842
1,1.0,0.4853714244937863,0.0,0.4686615837347772,1.0,0.2573171391091568,0.0,0.2573171391091568
1,0.0,0.41965057629830044,1.0,0.2918860253559494,0.0,0.2918860253559494,4.0,0.2896346133199965
1,0.0,0.2974672361008873,1.0,0.5193401828777984,0.0,0.3688998940079681,1.0,0.3654031700715886
1,1.0,0.12973623229370948,0.0,-0.08014121463149589,3.0,0.5017655153937,3.0,0.35829629072705127
1,0.0,0.36357678784193703,1.0,0.5351739403443474,0.0,0.45407120703575615,1.0,-0.025506679986541884
1,0.0,0.3285889050829132,2.0,0.6187806377955648,2.0,0.6187806377955648,2.0,0.5142875626305788
1,1.0,0.37712681583201474,0.0,0.29256056371881106,3.0,0.2539499500097747,3.0,0.2539499500097747
1,1.0,-0.04353959419515637,0.0,-0.0695163344563106,1.0,0.07909001139752084,0.0,0.06763158045950741
1,0.0,0.18235916934957025,1.0,0.416490135493795,0.0,0.2839286072612143,1.0,0.4841271885934007
1,1.0,0.4565099615288054,0.0,0.4163485915472643,1.0,0.005931356790402587,0.0,0.005931356790402587
1,0.0,0.46069733448439215,1.0,0.5119452253102617,0.0,0.5119452253102617,4.0,0.44393858620722243
1,1.0,0.5033891847636763,0.0,0.4942319863374011,1.0,0.07298891759665367,0.0,0.07298891759665367
1,0.0,0.47762317610446176,1.0,0.24535404181627876,0.0,0.24535404181627876,4.0,0.5845230204164377
1,1.0,0.29439490423350195,0.0,-0.09933777501374617,1.0,0.1692789960704833,0.0,0.1692789960704833
1,0.0,0.4507591920676146,1.0,-0.10679219420518385,0.0,-0.10679219420518385,4.0,0.38309911898167937
1,1.0,0.10914982553414317,0.0,-0.12279585512261168,3.0,0.47289454043669876,3.0,0.29627821633495166
1,1.0,0.4334329687397519,0.0,0.37384817565918543,3.0,0.5332815232314041,3.0,0.5332815232314041
1,0.0,0.3626247061906859,1.0,0.39230409336126626,0.0,0.39230409336126626,1.0,-0.001774557821634715
1,1.0,0.4925681727253725,0.0,0.461711461281908,3.0,0.24309810211131117,3.0,0.24309810211131117
1,0.0,0.4059602011241481,1.0,0.5897797524269422,0.0,0.5434411911223552,4.0,0.0057044590060086695
1,0.0,0.4068364427036334,2.0,0.4424908268415052,2.0,0.4424908268415052,2.0,0.19474012506525065
1,1.0,0.4737713968518505,0.0,0.4286013752046397,3.0,0.34227075529418266,3.0,0.34227075529418266
1,0.0,0.4305816506729549,1.0,0.5715440501642565,0.0,0.5710495120645811,4.0,0.1897306844995819
1,0.0,0.1960033717819372,2.0,0.5772193827106539,2.0,0.49866242522536885,2.0,0.49866242522536885
1,1.0,0.033214162909572596,0.0,-0.33016103247171763,1.0,-0.1501204909214934,0.0,-0.1501204909214934
1,0.0,0.28642560156575664,2.0,0.5210582447306822,2.0,0.5210582447306822,2.0,0.4295604330967718
1,1.0,0.46594882117168107,0.0,0.42485731868076043,3.0,0.3996384877370303,3.0,0.3996384877370303
1,0.0,0.3462986011823227,1.0,0.5488735650449587,0.0,0.5001727799571619,1.0,0.3107775544689898
1,0.0,0.15008341833564406,1.0,0.39314364392997475,0.0,0.04260233466188162,1.0,0.29156277640143946
1,0.0,0.45427625472340805,1.0,-0.02322582287798894,0.0,-0.02322582287798894,4.0,0.4508331373112421
1,0.0,0.1922831713479377,2.0,0.6605232090311729,2.0,0.6015094663037933,2.0,0.6015094663037933
1,0.0,0.4597033219596039,1.0,0.501690573980021,0.0,0.501690573980021,4.0,0.46838380936521584
1,1.0,0.4656282384054784,0.0,0.43331888409407093,1.0,-0.32170343667426216,0.0,-0.32170343667426216
1,0.0,-0.22063810884782284,1.0,-0.028276187437570287,0.0,-0.5107340787442053,1.0,-0.32854126971227005
1,1.0,0.3688348643750355,0.0,0.19450464231833967,1.0,0.33756405101595827,0.0,0.33756405101595827
1,0.0,-0.11970119413922532,1.0,0.11804599229020088,0.0,-0.26621592671581273,1.0,0.04033676131102762
1,1.0,0.47690040748825235,0.0,0.4359693366345851,3.0,0.3629406944595562,3.0,0.3629406944595562
1,1.0,0.08378544095730846,0.0,0.057374620459217374,1.0,0.20573279270481015,0.0,0.17724294868765447